models/topmodel/test/data/TI_raster_trim.txt
ncols 63
nrows 105
xllcorner 277817.66651537
yllcorner 3880787.03101313
cellsize 6.09600000
[rows 0 to 39 of 104, columns 0 to 62 of 63]
nodata -9999 -9999.000 -9999.000 -9999.000 -9999.000 -9999.000 4.410 4.290 3.931 4.043 4.196 3.794 3.574 3.733 3.947 3.758 3.928 3.473 3.419 3.393 3.329 3.466 3.144 2.985 2.907 2.631 2.870 2.590 2.394 1.910 1.392 1.528 1.824 1.328 -9999.000 -9999.000 -9999.000 1.027 0.867 -3.916 -4.264 2.303 2.303 2.303 2.303 2.303 2.303 2.303 2.303 2.303 2.303 2.303 2.303 2.303 2.303 2.303 2.303 2.303 2.303 2.303 2.303 2.303
2.303 2.303 -9999.000 -9999.000 -9999.000 -9999.000 -9999.000 -9999.000 3.532 3.558 3.657 4.123 3.278 3.392 2.952 2.717 2.701 2.881 2.808 2.418 2.483 2.263 2.373 1.984 2.421 1.915 1.334 1.513 2.583 2.160 1.576 1.024 1.217 2.147 -9999.000 -9999.000 -9999.000 -9999.000 1.459 0.826 0.867 -3.917 -4.265 2.303 2.303 2.303 2.303 2.303 2.303 2.303 2.303 2.303 2.303 2.303 2.303 2.303 2.303 2.303 2.303 2.303 2.303 2.303 2.303
2.303 2.303 -9999.000 -9999.000 -9999.000 -9999.000 -9999.000 -9999.000 -9999.000 -9999.000 5.333 4.279 3.731 3.142 2.645 2.753 2.645 2.616 2.201 2.572 2.320 2.129 1.749 1.297 1.431 1.455 1.715 1.724 1.755 1.328 0.780 0.669 1.528 -9999.000 -9999.000 -9999.000 -9999.000 -9999.000 1.855 1.541 1.025 1.017 -3.916 -4.267 2.303 2.303 2.303 2.303 2.303 2.303 2.303 2.303 2.303 2.303 2.303 2.303 2.303 2.303 2.303 2.303 2.303 2.303 2.303
2.303 2.303 -9999.000 -9999.000 -9999.000 -9999.000 -9999.000 -9999.000 -9999.000 -9999.000 -9999.000 4.429 3.951 4.052 3.324 3.099 2.694 2.574 2.417 2.443 2.363 2.247 1.966 1.546 1.181 1.470 2.345 2.027 1.505 0.927 1.414 1.586 -9999.000 -9999.000 -9999.000 -9999.000 -9999.000 -9999.000 2.008 2.019 2.228 1.882 1.047 -3.919 -4.268 2.303 2.303 2.303 2.303 2.303 2.303 2.303 2.303 2.303 2.303 2.303 2.303 2.303 2.303 2.303 2.303 2.303 2.303
2.303 2.303 -9999.000 -9999.000 -9999.000 -9999.000 -9999.000 -9999.000 2.783 3.953 2.062 -9999.000 3.906 3.927 3.559 3.130 2.305 2.488 2.144 1.849 1.606 1.545 1.451 1.276 1.442 2.738 2.267 1.565 1.930 1.496 2.253 -9999.000 -9999.000 -9999.000 -9999.000 -9999.000 -9999.000 3.398 3.385 2.911 2.228 1.675 1.702 1.078 -4.268 2.303 2.303 2.303 2.303 2.303 2.303 2.303 2.303 2.303 2.303 2.303 2.303 2.303 2.303 2.303 2.303 2.303 2.303
2.303 2.303 -9999.000 -9999.000 -9999.000 -9999.000 -9999.000 2.756 2.570 3.213 4.155 2.006 -9999.000 3.734 3.975 3.503 3.155 2.841 2.438 2.396 2.309 2.196 1.955 1.877 2.457 2.589 2.061 2.097 2.106 1.598 -9999.000 -9999.000 -9999.000 -9999.000 -9999.000 -9999.000 4.007 4.128 3.778 3.365 3.024 2.498 2.351 1.699 -3.920 -4.271 2.303 2.303 2.303 2.303 2.303 2.303 2.303 2.303 2.303 2.303 2.303 2.303 2.303 2.303 2.303 2.303 2.303
2.303 2.303 -9999.000 -9999.000 -9999.000 -9999.000 -9999.000 2.009 1.944 3.186 2.717 4.324 3.624 -9999.000 3.349 3.749 3.459 2.818 2.474 2.198 1.864 2.116 2.258 2.722 1.927 2.209 2.128 2.313 1.990 1.871 -9999.000 -9999.000 -9999.000 -9999.000 -9999.000 4.911 4.548 4.269 3.978 3.667 3.433 3.520 2.837 2.222 1.519 -3.924 -4.273 2.303 2.303 2.303 2.303 2.303 2.303 2.303 2.303 2.303 2.303 2.303 2.303 2.303 2.303 2.303 2.303
2.303 2.303 -9999.000 -9999.000 -9999.000 -9999.000 -9999.000 1.700 1.780 2.024 1.917 3.213 2.482 2.426 -9999.000 -9999.000 3.516 2.996 3.050 2.556 2.419 2.403 2.790 2.073 2.265 2.085 2.563 2.458 2.369 1.998 -9999.000 -9999.000 -9999.000 2.790 3.036 2.584 2.465 2.151 2.792 3.124 2.962 2.935 2.264 1.992 1.204 1.564 -4.278 2.303 2.303 2.303 2.303 2.303 2.303 2.303 2.303 2.303 2.303 2.303 2.303 2.303 2.303 2.303 2.303
2.303 2.303 -9999.000 -9999.000 -9999.000 -9999.000 2.055 1.616 1.384 1.852 1.649 2.148 1.748 1.605 -9999.000 -9999.000 -9999.000 3.800 3.318 2.953 2.591 3.159 2.227 2.478 2.749 3.381 2.586 2.735 2.836 -9999.000 -9999.000 2.221 2.055 2.027 2.064 1.743 2.023 1.993 1.858 2.090 2.239 2.041 1.091 1.168 1.330 1.328 -3.935 -4.286 2.303 2.303 2.303 2.303 2.303 2.303 2.303 2.303 2.303 2.303 2.303 2.303 2.303 2.303 2.303
2.303 2.303 -9999.000 -9999.000 -9999.000 -9999.000 1.687 1.263 1.252 1.961 1.201 1.824 1.128 2.440 3.567 2.955 3.503 -9999.000 3.963 3.274 3.104 3.857 3.094 3.748 -9999.000 -9999.000 -9999.000 -9999.000 -9999.000 -9999.000 2.159 1.614 1.656 1.368 1.170 1.481 1.602 1.701 1.929 1.811 1.831 2.349 2.724 1.968 2.013 1.772 0.600 -3.941 -4.290 2.303 2.303 2.303 2.303 2.303 2.303 2.303 2.303 2.303 2.303 2.303 2.303 2.303 2.303
2.303 2.303 -9999.000 -9999.000 -9999.000 -9999.000 9.730 1.575 1.475 2.165 2.114 1.313 1.351 1.991 2.187 2.915 3.221 2.006 -9999.000 -9999.000 -9999.000 -9999.000 -9999.000 -9999.000 -9999.000 2.576 -9999.000 -9999.000 -9999.000 -9999.000 1.997 1.948 1.363 1.576 1.239 1.226 1.495 1.752 1.691 1.535 1.171 1.281 1.232 2.010 0.937 2.168 1.186 0.508 -3.944 -4.292 -4.295 2.303 2.303 2.303 2.303 2.303 2.303 2.303 2.303 2.303 2.303 2.303 2.303
2.303 2.303 -9999.000 -9999.000 -9999.000 -9999.000 10.703 9.358 2.381 1.790 1.645 1.365 1.234 1.046 1.798 2.603 2.505 2.238 8.416 7.370 5.935 5.906 3.922 3.511 3.255 3.051 3.057 2.790 1.673 2.926 -9999.000 3.806 1.943 2.070 1.974 1.923 1.935 1.513 1.673 1.597 1.803 1.874 2.191 2.750 2.264 1.002 2.446 0.481 0.898 1.127 -3.948 -4.296 2.303 2.303 2.303 2.303 2.303 2.303 2.303 2.303 2.303 2.303 2.303
2.303 2.303 -9999.000 -9999.000 -9999.000 -9999.000 2.322 3.278 2.303 1.946 1.245 1.415 1.758 1.560 1.234 1.894 2.043 2.589 4.615 5.119 5.259 6.196 6.118 3.209 2.583 2.847 2.919 2.711 1.875 1.771 2.638 -9999.000 4.606 2.824 2.230 2.398 2.057 2.118 2.199 2.252 2.238 2.605 2.888 2.198 1.948 1.737 1.545 1.334 1.262 0.607 0.753 -3.949 -4.296 -4.299 2.303 2.303 2.303 2.303 2.303 2.303 2.303 2.303 2.303
2.303 2.303 -9999.000 -9999.000 -9999.000 -9999.000 1.742 0.951 3.676 8.682 2.057 1.779 1.189 1.564 1.882 1.371 2.509 3.835 3.488 3.783 4.877 4.653 5.430 6.053 3.364 2.647 2.776 2.101 1.956 2.095 1.597 1.755 -9999.000 4.114 2.851 2.739 2.552 2.314 2.413 2.376 2.864 3.027 2.179 1.920 2.115 1.791 1.584 1.473 1.514 1.452 1.184 0.825 1.071 -3.952 -4.302 2.303 2.303 2.303 2.303 2.303 2.303 2.303 2.303
2.303 2.303 -9999.000 -9999.000 -9999.000 -9999.000 1.497 1.962 1.173 3.033 9.709 2.517 2.006 1.071 1.397 1.323 1.394 2.948 3.321 4.572 3.677 3.984 4.325 5.532 6.047 3.527 2.682 2.523 1.951 2.079 1.269 1.507 3.037 -9999.000 3.528 2.675 2.690 2.584 2.468 3.235 3.345 2.588 2.070 2.458 2.153 1.935 2.515 2.147 1.885 1.862 2.013 1.929 1.505 1.100 -3.956 -4.307 -4.310 2.303 2.303 2.303 2.303 2.303 2.303
2.303 2.303 -9999.000 -9999.000 -9999.000 -9999.000 1.100 1.844 1.681 1.873 3.215 9.703 2.303 1.946 1.088 1.127 1.477 2.000 3.537 3.563 2.905 2.728 2.883 4.476 6.115 4.577 3.563 2.934 2.535 2.274 2.024 1.871 2.382 2.955 -9999.000 -9999.000 -9999.000 -9999.000 4.346 4.704 2.927 2.290 2.606 2.779 2.189 2.913 2.675 2.526 2.536 3.187 2.517 2.057 1.797 1.455 1.325 0.954 -3.963 -4.314 2.303 2.303 2.303 2.303 2.303
2.303 2.303 -9999.000 -9999.000 -9999.000 -9999.000 -3.851 1.809 1.287 1.544 1.780 2.296 4.164 10.609 2.035 0.835 1.564 1.365 2.267 2.576 2.345 2.161 2.570 2.868 5.122 5.920 4.558 3.689 2.990 3.243 3.125 1.712 2.536 4.739 5.274 3.882 -9999.000 -9999.000 -9999.000 -9999.000 -9999.000 -9999.000 4.614 4.181 4.197 3.657 3.646 3.766 3.442 2.714 2.508 2.160 1.885 2.298 1.848 1.237 1.050 -3.967 -4.317 2.303 2.303 2.303 2.303
2.303 2.303 -9999.000 -9999.000 -9999.000 -9999.000 -4.201 1.308 1.159 1.208 1.602 1.748 2.000 3.436 10.197 1.785 1.196 1.560 1.474 1.872 2.077 1.777 2.495 1.926 2.633 6.241 4.428 4.434 4.577 4.146 4.002 4.062 3.609 4.764 3.989 3.685 3.103 2.511 2.140 2.588 5.137 -9999.000 -9999.000 -9999.000 -9999.000 -9999.000 -9999.000 3.433 3.016 2.986 2.811 2.490 2.617 2.726 2.660 1.954 1.452 1.302 -3.972 -4.322 2.303 2.303 2.303
2.303 2.303 -9999.000 -9999.000 -9999.000 -9999.000 -4.203 -4.204 -3.857 1.234 1.113 1.782 1.779 2.077 9.558 3.068 1.929 1.555 1.155 1.365 1.627 1.436 2.193 1.815 2.100 4.380 6.150 3.842 3.441 3.236 3.473 3.812 4.424 4.267 4.538 3.717 3.244 2.915 1.908 2.363 1.857 6.564 5.055 2.956 2.389 -9999.000 -9999.000 -9999.000 -9999.000 -9999.000 -9999.000 -9999.000 -9999.000 -9999.000 -9999.000 2.294 1.933 1.612 1.127 -3.738 -4.325 -4.329 2.303
2.303 2.303 -9999.000 -9999.000 -9999.000 -9999.000 2.303 2.303 -4.205 -3.858 1.477 1.252 1.977 1.967 2.269 9.899 3.210 2.066 1.973 1.844 1.819 1.452 1.800 1.473 1.914 2.891 5.565 4.291 3.666 2.962 2.829 3.151 4.119 4.508 4.182 4.446 3.584 3.448 1.641 1.941 1.907 5.414 6.592 3.480 3.019 2.462 2.091 -9999.000 -9999.000 -9999.000 -9999.000 -9999.000 -9999.000 -9999.000 -9999.000 -9999.000 -9999.000 -9999.000 -9999.000 -9999.000 2.056 -3.985 -4.333
2.303 2.303 -9999.000 -9999.000 -9999.000 -9999.000 2.303 2.303 2.303 -4.206 -3.858 1.564 2.187 1.824 2.054 2.655 10.584 2.698 2.416 2.202 2.195 2.005 1.345 1.528 1.643 2.100 3.081 5.579 4.418 3.361 2.698 2.515 3.294 4.342 4.596 4.082 4.192 3.949 1.999 1.393 1.588 1.941 6.715 4.109 3.375 2.843 2.455 2.283 2.704 -9999.000 -9999.000 -9999.000 -9999.000 -9999.000 -9999.000 -9999.000 -9999.000 -9999.000 -9999.000 -9999.000 -9999.000 1.661 -3.989
-4.338 2.303 -9999.000 -9999.000 -9999.000 -9999.000 2.303 2.303 2.303 2.303 -4.206 1.882 1.463 2.182 2.356 2.174 8.723 3.130 2.344 2.118 1.849 2.027 1.737 1.412 1.270 1.831 2.142 2.936 5.026 3.711 3.012 2.504 2.713 3.371 4.502 4.164 3.858 4.180 3.514 2.283 1.270 1.715 4.769 6.430 4.075 3.545 3.282 2.987 2.534 2.656 -9999.000 -9999.000 -9999.000 -9999.000 -9999.000 -9999.000 -9999.000 -9999.000 -9999.000 -9999.000 -9999.000 -9999.000 1.932
-3.995 -4.342 -9999.000 -9999.000 -9999.000 -9999.000 2.303 2.303 2.303 2.303 -4.207 -3.861 1.840 2.270 2.481 2.864 2.960 11.260 3.448 2.220 2.224 1.661 1.355 1.047 1.394 0.905 1.481 1.611 3.389 4.922 3.502 2.912 3.139 2.990 3.355 4.554 3.836 3.983 3.690 2.733 1.672 0.966 2.324 6.180 5.115 3.415 3.535 3.499 3.314 2.396 2.063 -9999.000 -9999.000 -9999.000 -9999.000 -9999.000 -9999.000 -9999.000 -9999.000 -9999.000 -9999.000 -9999.000 -9999.000
1.397 -4.344 -9999.000 -9999.000 -9999.000 -9999.000 2.303 2.303 2.303 2.303 2.303 -4.210 2.102 2.046 2.283 2.814 2.960 3.962 9.450 3.582 2.176 2.328 1.996 1.840 1.266 0.865 1.127 0.905 1.385 4.113 4.494 3.104 2.717 3.028 2.745 3.573 4.658 4.047 3.540 3.588 2.632 1.234 1.996 3.360 6.599 4.913 3.749 3.598 3.665 3.169 1.901 1.352 -9999.000 -9999.000 -9999.000 -9999.000 -9999.000 -9999.000 -9999.000 -9999.000 -9999.000 -9999.000 -9999.000
-9999.000 -3.999 -9999.000 -9999.000 -9999.000 -9999.000 2.303 2.303 2.303 2.303 2.303 -4.212 1.712 1.984 2.372 2.698 2.820 3.378 3.041 9.031 2.916 2.357 2.432 2.157 1.882 1.220 1.976 2.142 1.819 3.025 3.587 4.359 3.192 2.882 3.014 3.290 3.699 4.412 3.498 3.421 2.833 2.488 2.049 1.962 4.430 6.034 4.937 4.156 3.614 3.605 3.599 2.581 2.982 -9999.000 -9999.000 -9999.000 -9999.000 -9999.000 -9999.000 -9999.000 -9999.000 -9999.000 -9999.000
-9999.000 -9999.000 -9999.000 -9999.000 -9999.000 -9999.000 2.303 2.303 2.303 2.303 2.303 -4.215 -3.868 1.678 2.503 2.768 3.058 3.114 2.659 2.253 8.918 4.203 3.184 3.000 2.343 2.234 1.827 2.068 1.739 2.038 3.087 3.559 3.762 2.738 2.713 3.256 2.923 4.135 3.672 3.030 2.742 2.452 2.421 2.090 2.520 5.277 5.216 4.825 4.276 3.795 3.892 3.827 3.118 2.667 -9999.000 -9999.000 -9999.000 -9999.000 -9999.000 -9999.000 -9999.000 -9999.000 -9999.000
-9999.000 -9999.000 -9999.000 -9999.000 -9999.000 -9999.000 2.303 2.303 2.303 2.303 2.303 2.303 -4.218 1.371 1.829 2.500 3.237 2.911 2.941 1.739 2.844 9.126 3.682 3.159 3.169 2.419 2.098 2.484 1.956 1.790 2.508 2.885 3.508 3.529 2.832 3.155 2.383 3.876 3.352 2.761 2.917 2.085 2.343 2.385 2.521 4.128 5.500 5.029 4.248 4.141 3.958 3.623 3.714 3.539 3.172 3.261 2.655 2.415 1.919 2.142 2.320 2.107 2.697
2.562 -9999.000 -9999.000 -9999.000 -9999.000 -9999.000 2.303 2.303 2.303 2.303 2.303 2.303 -4.219 -3.873 1.365 2.061 2.781 3.043 2.761 1.868 2.173 2.711 8.709 3.403 3.471 2.913 2.386 1.962 1.624 0.905 1.501 2.419 3.146 2.970 3.259 2.612 2.940 3.069 3.431 2.888 2.349 2.372 2.460 2.965 2.322 4.002 5.129 4.588 4.163 3.885 3.998 4.038 3.635 3.761 3.495 3.018 2.792 2.292 2.338 2.444 2.433 2.513 2.059
1.872 2.298 -9999.000 -9999.000 -9999.000 -9999.000 2.303 2.303 2.303 2.303 2.303 2.303 2.303 -4.221 -3.875 1.845 2.582 2.622 2.860 2.600 1.241 2.104 10.841 4.650 2.745 2.745 2.480 2.127 2.011 2.186 2.122 1.956 2.706 2.720 2.607 2.883 2.254 3.291 3.198 2.269 2.351 2.511 2.881 2.254 1.968 2.568 4.569 4.234 3.889 3.733 3.756 3.900 3.736 3.171 3.325 2.801 2.665 3.057 3.064 2.704 2.574 2.224 1.932
1.659 1.932 -9999.000 -9999.000 -9999.000 -9999.000 2.303 2.303 2.303 2.303 2.303 2.303 2.303 2.303 -4.223 -3.730 2.384 2.823 2.733 2.679 1.696 1.648 2.495 9.385 3.468 3.092 2.961 2.528 2.384 2.217 2.266 2.007 1.940 2.600 2.270 2.736 2.743 2.182 2.914 2.784 2.408 2.504 2.478 2.169 2.048 2.436 4.107 4.097 4.276 3.965 3.293 3.419 3.566 3.276 2.713 2.358 2.675 2.891 2.967 2.677 2.483 2.046 1.679
1.765 -4.008 -9999.000 -9999.000 -9999.000 -9999.000 2.303 2.303 2.303 2.303 2.303 2.303 2.303 2.303 2.303 -4.227 1.528 2.701 3.048 2.795 1.835 1.675 2.071 8.823 9.043 3.608 3.335 3.378 3.125 2.987 3.184 3.137 3.196 3.498 3.632 3.238 2.860 2.769 2.220 3.140 3.153 2.329 2.478 2.241 1.478 2.637 3.621 4.236 4.344 4.172 3.880 3.324 3.318 3.435 2.957 2.839 2.756 2.781 2.696 2.607 2.385 1.870 1.510
1.852 -4.355 -9999.000 -9999.000 -9999.000 -9999.000 2.303 2.303 2.303 2.303 2.303 2.303 2.303 2.303 2.303 -4.230 -3.884 1.536 2.543 2.607 2.233 2.035 1.660 2.075 8.952 3.995 3.877 3.631 3.617 3.666 3.553 3.232 3.079 2.926 3.493 3.179 2.682 2.650 2.665 2.160 2.595 2.475 2.184 2.304 1.882 2.717 3.669 3.532 3.428 4.065 4.219 3.734 3.353 3.247 3.543 3.084 2.722 2.650 2.627 2.325 2.143 1.845 1.328
-4.010 -4.357 -9999.000 -9999.000 -9999.000 -9999.000 2.303 2.303 2.303 2.303 2.303 2.303 2.303 2.303 2.303 2.303 -4.232 -3.886 1.536 2.503 2.627 1.596 1.659 2.273 3.926 9.524 4.353 4.245 4.007 4.050 4.076 4.292 4.137 3.936 3.744 3.248 2.679 2.143 2.320 2.580 1.971 2.015 2.245 2.069 2.381 2.573 3.326 3.225 2.873 2.849 3.147 3.832 3.734 3.374 3.110 3.078 3.013 2.702 2.377 2.216 1.791 1.544 1.424
-4.357 2.303 -9999.000 -9999.000 -9999.000 -9999.000 2.303 2.303 2.303 2.303 2.303 2.303 2.303 2.303 2.303 2.303 2.303 -4.234 -3.889 1.824 2.679 1.397 1.921 2.315 2.581 10.067 4.183 2.480 2.768 2.220 2.412 2.722 2.878 2.957 3.079 3.567 3.518 3.075 2.663 2.178 1.716 1.306 2.026 2.518 2.220 2.516 2.925 2.876 2.460 2.135 2.302 2.962 3.999 3.462 2.753 2.459 2.520 2.662 2.392 2.347 1.951 1.270 -4.010
-4.358 2.303 -9999.000 -9999.000 -9999.000 -9999.000 2.303 2.303 2.303 2.303 2.303 2.303 2.303 2.303 2.303 2.303 2.303 2.303 -4.237 -3.891 2.006 1.757 2.023 2.014 1.935 8.280 9.421 3.232 2.851 2.635 2.323 2.381 2.561 2.437 2.139 2.442 3.062 3.011 2.399 2.266 2.088 2.103 1.549 1.793 2.016 2.147 2.554 2.685 2.121 2.197 2.188 1.971 3.222 3.415 2.557 1.808 2.024 2.328 2.308 2.218 1.792 1.365 -4.357
2.303 2.303 -9999.000 -9999.000 -9999.000 -9999.000 2.303 2.303 2.303 2.303 2.303 2.303 2.303 2.303 2.303 2.303 2.303 2.303 2.303 -4.239 -3.892 2.174 1.782 1.662 2.335 2.887 9.100 3.425 2.942 2.813 2.539 2.002 1.874 1.860 2.132 1.758 1.536 2.668 2.763 2.192 2.269 2.150 1.795 1.155 1.234 1.890 1.725 1.940 2.157 2.616 2.330 2.114 2.431 2.746 2.719 2.308 2.121 2.097 1.945 1.820 1.424 -4.008 -4.355
2.303 2.303 -9999.000 -9999.000 -9999.000 -9999.000 2.303 2.303 2.303 2.303 2.303 2.303 2.303 2.303 2.303 2.303 2.303 2.303 2.303 2.303 -4.241 1.932 1.394 1.659 1.163 1.201 8.926 3.525 2.801 2.802 2.631 2.603 2.450 2.537 2.303 2.374 2.288 2.406 3.070 2.957 2.604 2.574 2.532 2.567 2.344 1.957 1.670 1.047 1.848 2.768 2.979 2.245 2.059 2.118 2.597 2.537 2.371 1.956 1.323 1.477 -4.006 -4.354 2.303
2.303 2.303 -9999.000 -9999.000 -9999.000 -9999.000 2.303 2.303 2.303 2.303 2.303 2.303 2.303 2.303 2.303 2.303 2.303 2.303 2.303 2.303 -4.243 -3.896 1.659 1.181 1.926 3.270 2.303 4.376 3.070 2.915 2.962 2.901 2.625 2.657 2.552 2.773 2.470 1.821 2.309 2.767 2.610 2.423 2.298 2.735 2.759 2.770 2.437 2.114 1.537 1.881 2.177 2.782 2.379 2.111 1.633 2.788 2.148 2.054 1.394 -4.006 -4.353 2.303 2.303
2.303 2.303 -9999.000 -9999.000 -9999.000 -9999.000 2.303 2.303 2.303 2.303 2.303 2.303 2.303 2.303 2.303 2.303 2.303 2.303 2.303 2.303 2.303 -4.245 -3.898 1.127 1.565 2.345 9.571 5.767 3.180 2.755 2.018 1.708 1.590 1.813 2.324 1.928 1.289 1.420 2.199 3.086 2.375 1.602 2.166 2.506 1.730 1.201 2.293 2.288 1.843 2.185 2.125 2.241 2.779 2.125 2.222 1.934 2.396 1.394 1.659 -4.353 2.303 2.303 2.303
2.303 2.303 -9999.000 -9999.000 -9999.000 -9999.000 2.303 2.303 2.303 2.303 2.303 2.303 2.303 2.303 2.303 2.303 2.303 2.303 2.303 2.303 2.303 2.303 -4.246 1.254 1.560 1.909 4.861 8.901 5.377 4.028 3.503 3.415 3.205 3.112 2.458 2.303 2.611 2.414 2.866 2.441 2.478 2.303 1.700 1.290 1.619 2.602 2.747 2.000 2.164 2.349 2.231 2.418 2.240 2.398 2.116 2.055 1.424 1.477 -4.007 -4.353 2.303 2.303 2.303
