app_data/models/topmodel/test/data/fac_trim.txt
ncols 291
nrows 329
xllcorner -1216248.90364074
yllcorner 303574.46866338
cellsize 30.92208078
[rows 64 to 95 of 329, columns 144 to 215 of 291]
0.000 0.000 1.000 0.000 3.000 4.000 0.000 1.000 16.000 18.000 19.000 0.000 1.000 0.000 76.000 81.000 1.000 3.000 6.000 4.000 0.000 2.000 3.000 0.000 228.000 0.000 2.000 4.000 467.000 0.000 47.000 36.000 31.000 30.000 0.000 1.000 0.000 10.000 9.000 1.000 0.000 1.000 0.000 38.000 5.000 4.000 3.000 -9999.000 -9999.000 -9999.000 -9999.000 -9999.000 -9999.000 -9999.000 -9999.000 -9999.000 -9999.000 -9999.000 -9999.000 -9999.000 -9999.000 -9999.000 -9999.000 -9999.000 -9999.000 -9999.000 -9999.000 -9999.000 -9999.000 -9999.000 -9999.000 -9999.000
0.000 1.000 1.000 2.000 3.000 0.000 6.000 7.000 8.000 19.000 0.000 49.000 52.000 56.000 3.000 0.000 0.000 5.000 1.000 1.000 0.000 2.000 0.000 5.000 6.000 229.000 9.000 472.000 3.000 0.000 1.000 7.000 35.000 34.000 28.000 27.000 2.000 1.000 0.000 6.000 5.000 3.000 0.000 12.000 18.000 6.000 0.000 2.000 0.000 -9999.000 -9999.000 -9999.000 -9999.000 -9999.000 -9999.000 -9999.000 -9999.000 -9999.000 -9999.000 -9999.000 -9999.000 -9999.000 -9999.000 -9999.000 -9999.000 -9999.000 -9999.000 -9999.000 -9999.000 -9999.000 -9999.000 -9999.000
0.000 2.000 2.000 2.000 0.000 4.000 5.000 0.000 9.000 0.000 27.000 1.000 0.000 2.000 0.000 1.000 4.000 0.000 0.000 0.000 1.000 0.000 0.000 4.000 5.000 243.000 487.000 3.000 0.000 2.000 0.000 0.000 6.000 4.000 33.000 0.000 23.000 22.000 19.000 18.000 0.000 0.000 2.000 0.000 11.000 10.000 4.000 3.000 0.000 -9999.000 -9999.000 -9999.000 -9999.000 -9999.000 -9999.000 -9999.000 -9999.000 -9999.000 -9999.000 -9999.000 -9999.000 -9999.000 -9999.000 -9999.000 -9999.000 -9999.000 -9999.000 -9999.000 -9999.000 -9999.000 -9999.000 -9999.000
1.000 0.000 7.000 0.000 3.000 1.000 0.000 7.000 0.000 1.000 3.000 0.000 1.000 0.000 0.000 1.000 0.000 1.000 0.000 0.000 1.000 0.000 2.000 0.000 0.000 734.000 1.000 0.000 1.000 0.000 0.000 11.000 0.000 0.000 3.000 31.000 30.000 0.000 1.000 0.000 16.000 15.000 0.000 0.000 9.000 0.000 9.000 7.000 2.000 1.000 -9999.000 -9999.000 -9999.000 -9999.000 -9999.000 -9999.000 -9999.000 -9999.000 -9999.000 -9999.000 -9999.000 -9999.000 -9999.000 -9999.000 -9999.000 -9999.000 -9999.000 -9999.000 -9999.000 -9999.000 -9999.000 -9999.000
0.000 2.000 0.000 8.000 5.000 0.000 2.000 0.000 0.000 1.000 0.000 0.000 0.000 1.000 3.000 0.000 0.000 1.000 2.000 1.000 0.000 2.000 3.000 0.000 738.000 6.000 5.000 2.000 1.000 0.000 13.000 0.000 9.000 8.000 0.000 2.000 1.000 28.000 24.000 22.000 1.000 0.000 13.000 12.000 0.000 8.000 7.000 0.000 6.000 4.000 0.000 -9999.000 -9999.000 -9999.000 -9999.000 -9999.000 -9999.000 -9999.000 -9999.000 -9999.000 -9999.000 -9999.000 -9999.000 -9999.000 -9999.000 -9999.000 -9999.000 -9999.000 -9999.000 -9999.000 -9999.000 -9999.000
0.000 4.000 0.000 1.000 15.000 0.000 4.000 1.000 0.000 0.000 0.000 0.000 0.000 0.000 5.000 0.000 1.000 0.000 2.000 3.000 2.000 1.000 0.000 4.000 2402.000 1655.000 0.000 1.000 0.000 14.000 6.000 5.000 4.000 0.000 6.000 5.000 3.000 0.000 2.000 0.000 19.000 2.000 1.000 0.000 10.000 9.000 7.000 6.000 5.000 0.000 3.000 1.000 -9999.000 -9999.000 -9999.000 -9999.000 -9999.000 -9999.000 -9999.000 -9999.000 -9999.000 -9999.000 -9999.000 -9999.000 -9999.000 -9999.000 -9999.000 -9999.000 -9999.000 -9999.000 -9999.000 -9999.000
1.000 0.000 5.000 9.000 16.000 0.000 6.000 2.000 1.000 1.000 0.000 1.000 1.000 3.000 0.000 6.000 1.000 2.000 4.000 3.000 7.000 0.000 2.000 2419.000 9.000 8.000 1653.000 458.000 15.000 7.000 2.000 1.000 0.000 2.000 1.000 0.000 0.000 2.000 0.000 1.000 0.000 15.000 14.000 8.000 7.000 6.000 0.000 6.000 4.000 4.000 3.000 0.000 0.000 -9999.000 -9999.000 -9999.000 -9999.000 -9999.000 -9999.000 -9999.000 -9999.000 -9999.000 -9999.000 -9999.000 -9999.000 -9999.000 -9999.000 -9999.000 -9999.000 -9999.000 -9999.000 -9999.000
2.000 0.000 1.000 2.000 13.000 18.000 7.000 3.000 0.000 2.000 3.000 2.000 0.000 4.000 0.000 8.000 0.000 2.000 0.000 5.000 18.000 0.000 2425.000 16.000 15.000 12.000 7.000 1193.000 441.000 432.000 2.000 1.000 0.000 0.000 1.000 0.000 1.000 0.000 0.000 3.000 2.000 1.000 0.000 4.000 3.000 0.000 5.000 3.000 0.000 3.000 0.000 2.000 0.000 -9999.000 -9999.000 -9999.000 -9999.000 -9999.000 -9999.000 -9999.000 -9999.000 -9999.000 -9999.000 -9999.000 -9999.000 -9999.000 -9999.000 -9999.000 -9999.000 -9999.000 -9999.000 -9999.000
0.000 0.000 2.000 0.000 0.000 15.000 31.000 0.000 0.000 4.000 4.000 0.000 3.000 1.000 6.000 0.000 9.000 1.000 3.000 1.000 2.000 19.000 2465.000 1.000 0.000 1.000 11.000 6.000 1192.000 58.000 425.000 424.000 4.000 2.000 414.000 3.000 0.000 0.000 4.000 1.000 0.000 9.000 8.000 7.000 0.000 1.000 0.000 0.000 2.000 0.000 1.000 0.000 0.000 -9999.000 -9999.000 -9999.000 -9999.000 -9999.000 -9999.000 -9999.000 -9999.000 -9999.000 -9999.000 -9999.000 -9999.000 -9999.000 -9999.000 -9999.000 -9999.000 -9999.000 -9999.000 -9999.000
0.000 0.000 0.000 3.000 1.000 0.000 50.000 0.000 0.000 1.000 5.000 6.000 4.000 0.000 3.000 11.000 11.000 0.000 2.000 4.000 0.000 4.000 2482.000 15.000 5.000 3.000 0.000 10.000 5.000 1132.000 57.000 0.000 418.000 417.000 0.000 409.000 404.000 397.000 390.000 0.000 375.000 2.000 1.000 0.000 5.000 4.000 2.000 1.000 0.000 0.000 1.000 0.000 1.000 0.000 -9999.000 -9999.000 -9999.000 -9999.000 -9999.000 -9999.000 -9999.000 -9999.000 -9999.000 -9999.000 -9999.000 -9999.000 -9999.000 -9999.000 -9999.000 -9999.000 -9999.000 -9999.000
0.000 0.000 1.000 1.000 4.000 2.000 0.000 51.000 2.000 0.000 2.000 13.000 5.000 0.000 0.000 0.000 25.000 0.000 4.000 0.000 5.000 2507.000 5.000 4.000 8.000 0.000 2.000 9.000 3.000 0.000 1131.000 55.000 54.000 0.000 0.000 2.000 0.000 5.000 0.000 386.000 1.000 361.000 360.000 349.000 1.000 0.000 0.000 1.000 0.000 2.000 0.000 5.000 2.000 1.000 0.000 0.000 -9999.000 -9999.000 -9999.000 -9999.000 -9999.000 -9999.000 -9999.000 -9999.000 -9999.000 -9999.000 -9999.000 -9999.000 -9999.000 -9999.000 -9999.000 -9999.000
0.000 1.000 0.000 2.000 2.000 11.000 1.000 52.000 0.000 3.000 5.000 17.000 0.000 6.000 1.000 1.000 0.000 26.000 6.000 0.000 2516.000 0.000 12.000 1.000 3.000 7.000 1.000 0.000 7.000 2.000 1128.000 1.000 0.000 52.000 51.000 49.000 1.000 0.000 2.000 7.000 5.000 0.000 1.000 7.000 346.000 4.000 3.000 0.000 3.000 40.000 7.000 0.000 23.000 22.000 21.000 15.000 13.000 -9999.000 -9999.000 -9999.000 -9999.000 -9999.000 -9999.000 -9999.000 -9999.000 -9999.000 -9999.000 -9999.000 -9999.000 -9999.000 -9999.000 -9999.000
0.000 0.000 4.000 0.000 3.000 0.000 12.000 55.000 1.000 0.000 0.000 7.000 19.000 0.000 7.000 2.000 2.000 31.000 0.000 2525.000 7.000 6.000 4.000 9.000 0.000 2.000 6.000 0.000 6.000 0.000 0.000 1127.000 2.000 1.000 0.000 0.000 48.000 0.000 1.000 0.000 0.000 4.000 2.000 0.000 6.000 340.000 339.000 335.000 42.000 0.000 30.000 29.000 2.000 1.000 1.000 1.000 0.000 12.000 -9999.000 -9999.000 -9999.000 -9999.000 -9999.000 -9999.000 -9999.000 -9999.000 -9999.000 -9999.000 -9999.000 -9999.000 -9999.000 -9999.000
1.000 0.000 0.000 6.000 12.000 0.000 1.000 69.000 2.000 1.000 0.000 0.000 9.000 20.000 1.000 8.000 3.000 36.000 2527.000 33.000 1.000 0.000 0.000 3.000 8.000 1.000 0.000 4.000 3.000 1.000 0.000 1073.000 48.000 47.000 2.000 1.000 0.000 47.000 17.000 15.000 10.000 9.000 0.000 1.000 2.000 2.000 0.000 1.000 287.000 3.000 2.000 0.000 1.000 0.000 0.000 0.000 0.000 4.000 6.000 -9999.000 -9999.000 -9999.000 -9999.000 -9999.000 -9999.000 -9999.000 -9999.000 -9999.000 -9999.000 -9999.000 -9999.000 -9999.000
1.000 0.000 0.000 0.000 1.000 13.000 1.000 2.000 73.000 2.000 0.000 1.000 2.000 13.000 21.000 2.000 9.000 0.000 2605.000 0.000 22.000 19.000 7.000 0.000 2.000 7.000 0.000 3.000 2.000 0.000 26.000 1043.000 1.000 0.000 43.000 42.000 0.000 28.000 27.000 0.000 3.000 0.000 8.000 6.000 0.000 1.000 1.000 0.000 0.000 281.000 0.000 0.000 1.000 0.000 0.000 0.000 0.000 2.000 0.000 5.000 -9999.000 -9999.000 -9999.000 -9999.000 -9999.000 -9999.000 -9999.000 -9999.000 -9999.000 -9999.000 -9999.000 -9999.000
2.000 0.000 0.000 2.000 4.000 8.000 25.000 2.000 77.000 4.000 0.000 0.000 0.000 1.000 16.000 25.000 2631.000 2620.000 11.000 4.000 3.000 1.000 10.000 5.000 1.000 0.000 5.000 2.000 1.000 0.000 24.000 968.000 73.000 19.000 18.000 16.000 40.000 39.000 0.000 26.000 0.000 1.000 0.000 0.000 5.000 3.000 0.000 0.000 0.000 279.000 0.000 3.000 0.000 1.000 1.000 2.000 0.000 0.000 0.000 1.000 2.000 -9999.000 -9999.000 -9999.000 -9999.000 -9999.000 -9999.000 -9999.000 -9999.000 -9999.000 -9999.000 -9999.000
0.000 0.000 0.000 0.000 0.000 1.000 1.000 28.000 34.000 120.000 0.000 0.000 1.000 0.000 0.000 2682.000 6.000 5.000 0.000 10.000 8.000 2.000 0.000 9.000 4.000 0.000 4.000 1.000 0.000 21.000 1.000 967.000 52.000 15.000 14.000 0.000 15.000 13.000 37.000 36.000 24.000 23.000 2.000 1.000 0.000 0.000 2.000 0.000 0.000 17.000 257.000 3.000 2.000 2.000 3.000 0.000 1.000 0.000 0.000 0.000 0.000 1.000 -9999.000 -9999.000 -9999.000 -9999.000 -9999.000 -9999.000 -9999.000 -9999.000 -9999.000 -9999.000
1.000 1.000 0.000 0.000 0.000 0.000 0.000 1.000 0.000 122.000 0.000 0.000 1.000 2.000 2715.000 26.000 25.000 23.000 4.000 3.000 0.000 7.000 1.000 7.000 0.000 3.000 3.000 0.000 0.000 19.000 0.000 966.000 2.000 32.000 30.000 13.000 12.000 0.000 12.000 10.000 35.000 0.000 19.000 18.000 2.000 1.000 0.000 0.000 0.000 5.000 9.000 248.000 13.000 9.000 4.000 2.000 0.000 1.000 2.000 0.000 1.000 0.000 0.000 -9999.000 -9999.000 -9999.000 -9999.000 -9999.000 -9999.000 -9999.000 -9999.000 -9999.000
2.000 1.000 2.000 0.000 0.000 0.000 0.000 0.000 0.000 1.000 123.000 2.000 0.000 2.000 2742.000 25.000 23.000 0.000 22.000 16.000 2.000 0.000 6.000 0.000 6.000 2.000 2.000 0.000 4.000 13.000 936.000 27.000 0.000 1.000 0.000 29.000 2.000 11.000 2.000 0.000 9.000 33.000 25.000 15.000 14.000 13.000 0.000 0.000 1.000 2.000 4.000 3.000 233.000 210.000 0.000 4.000 2.000 4.000 0.000 4.000 1.000 0.000 1.000 0.000 -9999.000 -9999.000 -9999.000 -9999.000 -9999.000 -9999.000 -9999.000 -9999.000
9.000 4.000 0.000 0.000 0.000 1.000 1.000 1.000 3.000 0.000 2.000 124.000 3.000 2753.000 5.000 4.000 0.000 22.000 2.000 1.000 15.000 0.000 4.000 0.000 5.000 1.000 1.000 0.000 1.000 12.000 935.000 0.000 25.000 17.000 0.000 24.000 0.000 1.000 7.000 1.000 0.000 8.000 6.000 8.000 14.000 13.000 11.000 1.000 0.000 1.000 3.000 2.000 20.000 0.000 208.000 7.000 6.000 0.000 5.000 5.000 0.000 2.000 0.000 17.000 16.000 14.000 -9999.000 -9999.000 -9999.000 -9999.000 -9999.000 -9999.000
2.000 1.000 0.000 0.000 1.000 1.000 2.000 2.000 0.000 4.000 1.000 3.000 133.000 2762.000 7.000 5.000 3.000 2.000 21.000 1.000 0.000 14.000 2.000 0.000 4.000 0.000 0.000 0.000 11.000 0.000 926.000 6.000 5.000 0.000 16.000 11.000 23.000 9.000 0.000 6.000 0.000 2.000 4.000 5.000 7.000 0.000 12.000 7.000 0.000 0.000 2.000 1.000 18.000 0.000 1.000 192.000 185.000 14.000 7.000 0.000 3.000 20.000 18.000 1.000 0.000 0.000 13.000 11.000 -9999.000 -9999.000 -9999.000 -9999.000
0.000 1.000 0.000 0.000 1.000 2.000 2.000 6.000 0.000 1.000 5.000 2.000 2925.000 18.000 17.000 0.000 4.000 2.000 1.000 20.000 0.000 7.000 5.000 1.000 0.000 2.000 0.000 10.000 0.000 901.000 17.000 5.000 5.000 4.000 2.000 0.000 10.000 12.000 8.000 6.000 4.000 3.000 1.000 3.000 4.000 5.000 0.000 11.000 6.000 2.000 1.000 0.000 0.000 16.000 0.000 5.000 4.000 164.000 159.000 22.000 21.000 26.000 25.000 22.000 6.000 5.000 4.000 0.000 10.000 -9999.000 -9999.000 -9999.000
0.000 0.000 0.000 1.000 1.000 2.000 9.000 0.000 7.000 1.000 2.000 2936.000 0.000 8.000 6.000 16.000 15.000 0.000 1.000 0.000 19.000 5.000 0.000 4.000 0.000 1.000 0.000 7.000 1.000 897.000 10.000 5.000 4.000 4.000 3.000 1.000 7.000 1.000 11.000 0.000 5.000 2.000 2.000 0.000 2.000 3.000 3.000 4.000 5.000 2.000 1.000 0.000 0.000 11.000 2.000 4.000 3.000 3.000 0.000 134.000 62.000 33.000 24.000 22.000 14.000 13.000 0.000 3.000 2.000 6.000 -9999.000 -9999.000
0.000 0.000 0.000 2.000 2.000 2.000 13.000 0.000 1.000 8.000 2942.000 2.000 1.000 0.000 0.000 5.000 0.000 14.000 13.000 0.000 17.000 0.000 4.000 2.000 0.000 0.000 6.000 0.000 5.000 890.000 6.000 2.000 4.000 3.000 3.000 2.000 0.000 6.000 0.000 10.000 1.000 1.000 1.000 1.000 1.000 0.000 1.000 2.000 3.000 4.000 1.000 0.000 9.000 0.000 1.000 3.000 2.000 1.000 0.000 70.000 2.000 0.000 7.000 0.000 21.000 0.000 11.000 10.000 2.000 1.000 5.000 -9999.000
0.000 1.000 1.000 2.000 6.000 10.000 0.000 14.000 1.000 11.000 2962.000 15.000 14.000 11.000 10.000 0.000 3.000 2.000 0.000 12.000 2.000 13.000 2.000 0.000 1.000 0.000 4.000 1.000 2.000 888.000 0.000 5.000 1.000 3.000 2.000 2.000 1.000 4.000 0.000 4.000 2.000 0.000 0.000 0.000 0.000 0.000 0.000 0.000 0.000 2.000 3.000 0.000 6.000 1.000 0.000 2.000 1.000 0.000 23.000 0.000 41.000 1.000 2.000 3.000 0.000 18.000 6.000 2.000 9.000 1.000 0.000 4.000
1.000 2.000 5.000 6.000 0.000 1.000 11.000 1.000 15.000 3004.000 26.000 24.000 0.000 1.000 0.000 8.000 7.000 5.000 0.000 7.000 3.000 1.000 12.000 1.000 0.000 3.000 0.000 1.000 5.000 868.000 12.000 1.000 4.000 0.000 2.000 1.000 1.000 0.000 3.000 2.000 0.000 1.000 0.000 0.000 1.000 0.000 0.000 0.000 0.000 0.000 0.000 2.000 0.000 4.000 0.000 1.000 0.000 0.000 20.000 0.000 16.000 23.000 0.000 1.000 2.000 3.000 6.000 2.000 1.000 8.000 0.000 2.000
2.000 0.000 1.000 0.000 8.000 9.000 2.000 12.000 3084.000 47.000 41.000 0.000 22.000 21.000 2.000 1.000 0.000 0.000 4.000 2.000 6.000 2.000 0.000 11.000 0.000 2.000 0.000 4.000 1.000 865.000 9.000 2.000 0.000 3.000 1.000 1.000 0.000 0.000 1.000 0.000 1.000 0.000 0.000 3.000 0.000 3.000 1.000 2.000 0.000 0.000 0.000 0.000 0.000 1.000 1.000 0.000 0.000 10.000 4.000 3.000 6.000 8.000 22.000 0.000 0.000 1.000 2.000 5.000 1.000 0.000 7.000 2.000
0.000 4.000 5.000 8.000 9.000 0.000 11.000 15.000 3087.000 1.000 4.000 40.000 3.000 2.000 17.000 16.000 2.000 1.000 0.000 0.000 1.000 5.000 1.000 0.000 9.000 1.000 3.000 0.000 7.000 856.000 5.000 0.000 1.000 0.000 0.000 0.000 0.000 1.000 0.000 0.000 0.000 0.000 13.000 7.000 5.000 0.000 3.000 2.000 1.000 2.000 0.000 0.000 1.000 0.000 0.000 0.000 0.000 7.000 3.000 2.000 5.000 7.000 12.000 7.000 6.000 5.000 0.000 1.000 4.000 0.000 1.000 1.000
3.000 4.000 0.000 1.000 2.000 13.000 14.000 3239.000 119.000 113.000 0.000 3.000 35.000 33.000 1.000 0.000 12.000 11.000 2.000 1.000 0.000 0.000 4.000 0.000 8.000 0.000 2.000 0.000 5.000 855.000 0.000 2.000 1.000 0.000 0.000 0.000 3.000 0.000 0.000 1.000 0.000 15.000 0.000 15.000 14.000 13.000 8.000 4.000 3.000 6.000 1.000 2.000 0.000 3.000 2.000 0.000 5.000 0.000 2.000 1.000 4.000 6.000 0.000 10.000 3.000 0.000 4.000 0.000 0.000 3.000 0.000 0.000
1.000 2.000 8.000 0.000 0.000 1.000 2.000 3244.000 0.000 4.000 112.000 0.000 2.000 0.000 32.000 2.000 1.000 0.000 7.000 6.000 3.000 2.000 0.000 3.000 6.000 0.000 1.000 4.000 0.000 0.000 852.000 1.000 0.000 1.000 0.000 6.000 0.000 1.000 2.000 0.000 17.000 20.000 18.000 1.000 0.000 0.000 1.000 0.000 8.000 0.000 3.000 19.000 6.000 1.000 0.000 0.000 1.000 2.000 1.000 0.000 3.000 1.000 3.000 4.000 0.000 1.000 0.000 2.000 1.000 0.000 0.000 0.000
3.000 0.000 1.000 11.000 13.000 0.000 0.000 3247.000 1.000 0.000 3.000 110.000 80.000 1.000 0.000 28.000 27.000 24.000 23.000 0.000 1.000 0.000 0.000 2.000 3.000 1.000 0.000 3.000 0.000 4.000 849.000 752.000 647.000 646.000 636.000 627.000 2.000 3.000 20.000 18.000 21.000 0.000 0.000 2.000 1.000 2.000 0.000 48.000 38.000 0.000 21.000 0.000 10.000 9.000 6.000 5.000 3.000 0.000 1.000 0.000 2.000 0.000 2.000 0.000 2.000 1.000 0.000 0.000 0.000 0.000 1.000 0.000
2.000 7.000 8.000 0.000 1.000 14.000 3270.000 4.000 3.000 0.000 2.000 27.000 0.000 79.000 28.000 27.000 0.000 1.000 0.000 21.000 20.000 18.000 4.000 3.000 1.000 2.000 0.000 2.000 0.000 1.000 5.000 84.000 103.000 1.000 3.000 0.000 623.000 22.000 0.000 22.000 7.000 5.000 3.000 83.000 82.000 78.000 71.000 21.000 0.000 36.000 13.000 10.000 9.000 0.000 1.000 0.000 0.000 2.000 0.000 0.000 0.000 0.000 0.000 0.000 0.000 0.000 1.000 1.000 0.000 2.000 0.000 1.000
