app_data/models/topmodel/test/data/fac_trim.txt
ncols 291
nrows 329
xllcorner -1216248.90364074
yllcorner 303574.46866338
cellsize 30.92208078
[rows 192 to 223 of 329, columns 72 to 143 of 291]
2.000 0.000 0.000 1.000 0.000 4928.000 25.000 0.000 7.000 8.000 0.000 0.000 0.000 0.000 3.000 0.000 2.000 1.000 1.000 21.000 1.000 8.000 131.000 8.000 7.000 2.000 1.000 0.000 0.000 0.000 2.000 0.000 1.000 1.000 0.000 7.000 61.000 34.000 10.000 9.000 6.000 5.000 0.000 6.000 5.000 2.000 1.000 0.000 0.000 1.000 6.000 0.000 2.000 3.000 5.000 31.000 0.000 3.000 3.000 0.000 0.000 0.000 1.000 2.000 6.000 0.000 0.000 162.000 2.000 0.000 6.000 0.000
1.000 1.000 0.000 0.000 9.000 1.000 4914.000 19.000 10.000 0.000 3.000 1.000 0.000 5.000 0.000 1.000 5.000 0.000 0.000 24.000 2.000 144.000 2.000 1.000 0.000 3.000 2.000 0.000 0.000 4.000 0.000 1.000 2.000 0.000 3.000 8.000 120.000 22.000 10.000 0.000 1.000 0.000 3.000 2.000 0.000 1.000 0.000 0.000 0.000 0.000 2.000 1.000 2.000 0.000 17.000 1.000 10.000 2.000 1.000 0.000 0.000 1.000 2.000 0.000 1.000 9.000 11.000 148.000 1.000 3.000 1.000 0.000
1.000 0.000 0.000 0.000 6.000 0.000 20.000 4892.000 4883.000 5.000 0.000 1.000 0.000 6.000 1.000 8.000 2.000 0.000 0.000 26.000 148.000 5.000 4.000 3.000 2.000 1.000 0.000 0.000 0.000 7.000 0.000 2.000 0.000 4.000 4.000 133.000 2.000 1.000 0.000 8.000 7.000 2.000 1.000 0.000 0.000 0.000 0.000 0.000 0.000 1.000 0.000 1.000 2.000 14.000 1.000 0.000 9.000 1.000 0.000 0.000 0.000 1.000 0.000 4.000 5.000 0.000 136.000 10.000 0.000 2.000 0.000 1.000
1.000 0.000 0.000 2.000 2.000 3.000 15.000 7.000 4872.000 3.000 2.000 0.000 8.000 0.000 2.000 12.000 0.000 0.000 0.000 28.000 156.000 0.000 3.000 0.000 0.000 1.000 0.000 0.000 1.000 0.000 9.000 3.000 1.000 5.000 139.000 13.000 12.000 11.000 2.000 1.000 0.000 3.000 2.000 0.000 1.000 0.000 2.000 2.000 0.000 0.000 0.000 1.000 2.000 7.000 0.000 6.000 1.000 0.000 0.000 0.000 2.000 3.000 2.000 3.000 0.000 131.000 2.000 1.000 7.000 1.000 0.000 3.000
1.000 0.000 0.000 1.000 2.000 12.000 1.000 6.000 0.000 4870.000 4826.000 4817.000 4809.000 1.000 16.000 1.000 0.000 1.000 1.000 186.000 0.000 5.000 0.000 1.000 3.000 0.000 1.000 0.000 2.000 0.000 11.000 4.000 2.000 6.000 168.000 2.000 1.000 0.000 7.000 6.000 2.000 1.000 0.000 0.000 2.000 1.000 8.000 1.000 0.000 0.000 0.000 1.000 4.000 1.000 0.000 4.000 0.000 0.000 1.000 1.000 2.000 0.000 5.000 6.000 119.000 3.000 1.000 0.000 6.000 0.000 2.000 0.000
4.000 0.000 0.000 1.000 0.000 10.000 0.000 5.000 0.000 31.000 9.000 7.000 5.000 4797.000 4793.000 4.000 0.000 2.000 2.000 188.000 6.000 1.000 0.000 5.000 0.000 2.000 1.000 0.000 0.000 4.000 12.000 5.000 3.000 179.000 2.000 10.000 9.000 2.000 1.000 0.000 2.000 1.000 0.000 0.000 3.000 11.000 4.000 3.000 2.000 0.000 0.000 0.000 2.000 0.000 3.000 0.000 1.000 2.000 3.000 20.000 21.000 25.000 26.000 37.000 69.000 2.000 0.000 4.000 0.000 1.000 0.000 3.000
0.000 3.000 0.000 0.000 4.000 4.000 2.000 1.000 0.000 29.000 8.000 6.000 4.000 2.000 0.000 4769.000 4706.000 4702.000 4698.000 7.000 10.000 7.000 6.000 4.000 3.000 2.000 0.000 1.000 0.000 1.000 5.000 214.000 190.000 9.000 0.000 1.000 0.000 5.000 4.000 2.000 1.000 0.000 0.000 1.000 16.000 6.000 0.000 1.000 0.000 0.000 0.000 0.000 0.000 0.000 1.000 0.000 5.000 11.000 13.000 3.000 4.000 7.000 9.000 64.000 3.000 1.000 0.000 2.000 0.000 0.000 1.000 82.000
4.000 0.000 1.000 0.000 2.000 3.000 1.000 0.000 19.000 8.000 7.000 5.000 3.000 1.000 0.000 28.000 31.000 2.000 3.000 4493.000 4491.000 0.000 5.000 0.000 3.000 1.000 0.000 3.000 0.000 0.000 223.000 14.000 6.000 5.000 7.000 6.000 3.000 2.000 0.000 0.000 0.000 0.000 0.000 3.000 25.000 0.000 2.000 2.000 1.000 1.000 0.000 0.000 0.000 0.000 1.000 3.000 4.000 0.000 2.000 0.000 1.000 0.000 59.000 3.000 2.000 0.000 1.000 0.000 1.000 2.000 80.000 0.000
0.000 2.000 1.000 0.000 1.000 2.000 0.000 0.000 17.000 7.000 6.000 4.000 2.000 0.000 20.000 6.000 30.000 1.000 2.000 0.000 4478.000 6.000 6.000 4.000 2.000 0.000 5.000 0.000 0.000 226.000 21.000 5.000 6.000 0.000 4.000 2.000 1.000 0.000 0.000 1.000 0.000 0.000 2.000 30.000 4.000 3.000 4.000 0.000 0.000 5.000 1.000 2.000 0.000 0.000 0.000 3.000 0.000 1.000 0.000 0.000 1.000 56.000 1.000 2.000 1.000 0.000 0.000 1.000 2.000 74.000 1.000 0.000
2.000 1.000 0.000 0.000 0.000 1.000 0.000 10.000 5.000 6.000 5.000 3.000 1.000 0.000 18.000 5.000 29.000 0.000 1.000 0.000 4470.000 4342.000 0.000 3.000 1.000 0.000 7.000 0.000 228.000 25.000 2.000 1.000 4.000 4.000 3.000 0.000 1.000 0.000 0.000 3.000 0.000 0.000 35.000 6.000 0.000 5.000 0.000 0.000 8.000 0.000 3.000 2.000 0.000 0.000 2.000 1.000 0.000 1.000 2.000 4.000 39.000 13.000 0.000 1.000 0.000 0.000 0.000 9.000 66.000 3.000 0.000 1.000
9.000 8.000 2.000 1.000 0.000 0.000 0.000 7.000 4.000 5.000 4.000 2.000 0.000 15.000 1.000 4.000 27.000 0.000 0.000 0.000 79.000 44.000 4333.000 2.000 0.000 9.000 0.000 1.000 269.000 6.000 5.000 4.000 0.000 3.000 1.000 2.000 0.000 0.000 5.000 0.000 0.000 2.000 43.000 7.000 6.000 3.000 1.000 29.000 19.000 12.000 7.000 3.000 0.000 0.000 0.000 1.000 4.000 10.000 0.000 33.000 4.000 3.000 3.000 0.000 0.000 0.000 7.000 51.000 3.000 2.000 0.000 0.000
1.000 0.000 4.000 3.000 0.000 0.000 3.000 2.000 3.000 4.000 3.000 1.000 0.000 13.000 0.000 3.000 25.000 0.000 0.000 78.000 0.000 6.000 35.000 4325.000 294.000 292.000 276.000 273.000 2.000 6.000 5.000 0.000 3.000 2.000 0.000 0.000 0.000 0.000 9.000 0.000 0.000 48.000 57.000 48.000 47.000 42.000 32.000 1.000 0.000 5.000 4.000 0.000 2.000 0.000 0.000 0.000 4.000 2.000 15.000 15.000 3.000 2.000 1.000 0.000 0.000 4.000 45.000 4.000 2.000 1.000 0.000 2.000
1.000 0.000 1.000 0.000 1.000 0.000 1.000 1.000 2.000 3.000 2.000 0.000 11.000 0.000 2.000 10.000 11.000 1.000 0.000 75.000 1.000 3.000 34.000 1.000 4027.000 0.000 3.000 2.000 0.000 1.000 0.000 3.000 2.000 0.000 1.000 0.000 0.000 0.000 0.000 11.000 1.000 125.000 17.000 12.000 11.000 9.000 8.000 7.000 4.000 3.000 0.000 2.000 0.000 0.000 0.000 2.000 1.000 0.000 9.000 4.000 2.000 1.000 0.000 0.000 1.000 40.000 3.000 3.000 1.000 0.000 0.000 4.000
0.000 3.000 0.000 0.000 1.000 0.000 0.000 0.000 1.000 2.000 1.000 0.000 9.000 1.000 0.000 8.000 10.000 0.000 74.000 0.000 2.000 5.000 27.000 0.000 0.000 4024.000 1.000 0.000 0.000 1.000 0.000 1.000 0.000 0.000 0.000 0.000 0.000 3.000 0.000 12.000 128.000 11.000 0.000 3.000 2.000 0.000 8.000 0.000 1.000 0.000 1.000 0.000 0.000 0.000 0.000 0.000 0.000 4.000 3.000 3.000 1.000 0.000 2.000 3.000 34.000 4.000 2.000 2.000 0.000 1.000 3.000 0.000
4.000 2.000 1.000 4.000 1.000 0.000 1.000 0.000 0.000 1.000 0.000 6.000 1.000 0.000 7.000 0.000 8.000 0.000 72.000 1.000 4.000 1.000 24.000 0.000 6.000 4021.000 7.000 0.000 3.000 0.000 4.000 1.000 0.000 1.000 0.000 0.000 6.000 0.000 1.000 142.000 13.000 0.000 9.000 8.000 6.000 1.000 0.000 6.000 5.000 0.000 1.000 0.000 0.000 1.000 0.000 0.000 0.000 1.000 2.000 2.000 0.000 1.000 3.000 5.000 23.000 3.000 1.000 1.000 0.000 0.000 6.000 7.000
3.000 0.000 5.000 1.000 0.000 3.000 0.000 0.000 1.000 0.000 0.000 4.000 0.000 0.000 5.000 5.000 1.000 71.000 0.000 3.000 0.000 22.000 0.000 0.000 4.000 4005.000 0.000 5.000 0.000 5.000 1.000 0.000 2.000 0.000 1.000 0.000 9.000 0.000 174.000 28.000 13.000 2.000 1.000 0.000 0.000 5.000 2.000 1.000 0.000 3.000 0.000 0.000 1.000 2.000 2.000 0.000 0.000 0.000 1.000 1.000 0.000 2.000 0.000 18.000 3.000 2.000 0.000 0.000 3.000 5.000 0.000 11.000
8.000 6.000 3.000 0.000 4.000 2.000 1.000 3.000 0.000 0.000 0.000 2.000 0.000 4.000 4.000 0.000 5.000 64.000 2.000 0.000 18.000 2.000 0.000 2.000 2.000 4003.000 8.000 7.000 6.000 3.000 0.000 3.000 1.000 0.000 2.000 1.000 0.000 189.000 2.000 1.000 0.000 9.000 8.000 2.000 1.000 0.000 1.000 0.000 0.000 0.000 0.000 1.000 2.000 3.000 4.000 2.000 0.000 1.000 0.000 0.000 1.000 1.000 2.000 14.000 2.000 1.000 0.000 2.000 0.000 0.000 9.000 5.000
0.000 4.000 13.000 10.000 4.000 0.000 4.000 4.000 1.000 0.000 1.000 0.000 2.000 3.000 0.000 4.000 0.000 62.000 1.000 0.000 15.000 1.000 0.000 1.000 0.000 13.000 3975.000 0.000 5.000 0.000 4.000 2.000 0.000 1.000 3.000 3.000 190.000 13.000 12.000 11.000 2.000 1.000 0.000 4.000 3.000 1.000 0.000 0.000 2.000 0.000 1.000 2.000 3.000 4.000 9.000 0.000 4.000 0.000 0.000 0.000 0.000 0.000 10.000 2.000 1.000 0.000 0.000 2.000 6.000 7.000 4.000 0.000
5.000 15.000 0.000 1.000 0.000 5.000 11.000 0.000 1.000 0.000 0.000 0.000 2.000 0.000 2.000 5.000 53.000 7.000 0.000 10.000 3.000 0.000 0.000 3.000 5.000 6.000 0.000 3972.000 3864.000 5.000 3.000 1.000 0.000 2.000 4.000 213.000 17.000 2.000 1.000 0.000 7.000 6.000 3.000 2.000 0.000 0.000 0.000 4.000 0.000 1.000 2.000 3.000 4.000 23.000 7.000 6.000 0.000 0.000 1.000 0.000 0.000 4.000 3.000 1.000 0.000 0.000 1.000 2.000 0.000 3.000 1.000 3.000
17.000 0.000 36.000 35.000 20.000 13.000 0.000 4.000 3.000 0.000 0.000 1.000 1.000 0.000 4.000 0.000 45.000 6.000 0.000 8.000 2.000 0.000 2.000 0.000 5.000 4.000 105.000 0.000 3843.000 7.000 6.000 0.000 1.000 3.000 219.000 0.000 10.000 9.000 8.000 5.000 4.000 0.000 1.000 0.000 0.000 0.000 1.000 6.000 0.000 2.000 3.000 4.000 29.000 8.000 7.000 6.000 4.000 3.000 0.000 0.000 0.000 1.000 2.000 0.000 0.000 0.000 1.000 0.000 1.000 0.000 0.000 2.000
58.000 39.000 1.000 0.000 13.000 12.000 2.000 1.000 0.000 1.000 0.000 0.000 0.000 3.000 6.000 7.000 36.000 5.000 4.000 2.000 1.000 0.000 2.000 4.000 3.000 0.000 98.000 0.000 3842.000 3815.000 3809.000 3542.000 252.000 0.000 237.000 15.000 3.000 2.000 0.000 1.000 0.000 2.000 1.000 0.000 0.000 1.000 2.000 8.000 0.000 3.000 4.000 35.000 18.000 2.000 1.000 0.000 0.000 0.000 1.000 0.000 0.000 0.000 0.000 0.000 0.000 2.000 0.000 0.000 1.000 0.000 1.000 0.000
0.000 17.000 16.000 2.000 1.000 0.000 8.000 7.000 1.000 0.000 0.000 0.000 0.000 5.000 0.000 29.000 5.000 4.000 3.000 1.000 0.000 1.000 0.000 2.000 0.000 95.000 1.000 0.000 23.000 4.000 6.000 258.000 3287.000 244.000 1.000 0.000 1.000 0.000 0.000 3.000 2.000 1.000 0.000 0.000 1.000 2.000 12.000 0.000 1.000 4.000 62.000 20.000 0.000 5.000 4.000 2.000 1.000 0.000 2.000 2.000 0.000 0.000 0.000 0.000 0.000 1.000 3.000 5.000 6.000 2.000 3.000 4.000
2.000 1.000 0.000 12.000 11.000 2.000 1.000 0.000 4.000 3.000 0.000 0.000 3.000 2.000 3.000 23.000 4.000 3.000 2.000 0.000 0.000 0.000 1.000 0.000 7.000 85.000 0.000 20.000 1.000 3.000 5.000 246.000 10.000 3286.000 3.000 2.000 1.000 0.000 6.000 1.000 0.000 1.000 0.000 0.000 3.000 3.000 14.000 0.000 2.000 76.000 7.000 6.000 2.000 1.000 0.000 0.000 0.000 1.000 6.000 2.000 0.000 3.000 0.000 0.000 2.000 3.000 6.000 0.000 0.000 33.000 43.000 45.000
5.000 4.000 2.000 1.000 0.000 7.000 6.000 0.000 2.000 0.000 0.000 0.000 1.000 0.000 16.000 5.000 3.000 2.000 1.000 0.000 2.000 3.000 4.000 5.000 82.000 1.000 0.000 18.000 0.000 2.000 4.000 245.000 0.000 8.000 3285.000 3.000 0.000 7.000 5.000 4.000 3.000 0.000 0.000 0.000 5.000 19.000 0.000 1.000 88.000 5.000 4.000 0.000 2.000 1.000 0.000 0.000 1.000 9.000 3.000 0.000 5.000 0.000 0.000 0.000 2.000 0.000 7.000 21.000 24.000 8.000 0.000 8.000
5433.000 0.000 0.000 20.000 17.000 16.000 0.000 4.000 0.000 0.000 0.000 0.000 0.000 7.000 6.000 4.000 2.000 1.000 0.000 0.000 0.000 1.000 41.000 78.000 2.000 0.000 16.000 0.000 1.000 3.000 0.000 243.000 0.000 6.000 1.000 3278.000 8.000 7.000 0.000 0.000 2.000 1.000 0.000 1.000 6.000 22.000 0.000 98.000 0.000 1.000 0.000 2.000 1.000 0.000 0.000 1.000 2.000 14.000 8.000 6.000 0.000 1.000 0.000 0.000 1.000 5.000 5.000 0.000 7.000 5.000 7.000 0.000
5407.000 23.000 22.000 0.000 1.000 0.000 14.000 13.000 2.000 1.000 0.000 0.000 0.000 4.000 5.000 3.000 1.000 0.000 2.000 4.000 5.000 38.000 31.000 3.000 1.000 0.000 14.000 0.000 2.000 1.000 58.000 183.000 1.000 3.000 0.000 3251.000 16.000 7.000 6.000 4.000 0.000 1.000 0.000 2.000 30.000 0.000 100.000 0.000 5.000 4.000 2.000 1.000 0.000 0.000 0.000 3.000 3.000 24.000 0.000 7.000 5.000 2.000 0.000 0.000 0.000 4.000 2.000 6.000 4.000 0.000 6.000 8.000
5406.000 1.000 0.000 0.000 3.000 2.000 1.000 0.000 9.000 8.000 2.000 0.000 0.000 2.000 4.000 2.000 0.000 1.000 0.000 0.000 10.000 20.000 30.000 2.000 0.000 12.000 0.000 1.000 0.000 0.000 54.000 182.000 0.000 2.000 0.000 3.000 3245.000 1.000 0.000 0.000 2.000 0.000 1.000 3.000 141.000 108.000 6.000 2.000 1.000 0.000 0.000 0.000 0.000 0.000 2.000 4.000 29.000 15.000 13.000 4.000 3.000 2.000 0.000 0.000 2.000 1.000 2.000 3.000 3.000 5.000 0.000 0.000
5397.000 26.000 25.000 23.000 18.000 17.000 16.000 2.000 1.000 0.000 3.000 2.000 0.000 1.000 3.000 1.000 0.000 2.000 6.000 8.000 18.000 0.000 29.000 1.000 0.000 10.000 0.000 1.000 0.000 52.000 0.000 180.000 0.000 1.000 0.000 1.000 3235.000 6.000 5.000 3.000 1.000 0.000 2.000 149.000 2.000 1.000 0.000 2.000 1.000 0.000 1.000 0.000 1.000 0.000 4.000 5.000 47.000 0.000 11.000 2.000 1.000 0.000 0.000 0.000 0.000 1.000 2.000 2.000 0.000 4.000 5.000 33.000
5333.000 24.000 23.000 22.000 2.000 1.000 0.000 12.000 11.000 2.000 1.000 0.000 0.000 0.000 2.000 0.000 1.000 2.000 0.000 16.000 0.000 25.000 2.000 0.000 7.000 1.000 0.000 0.000 3.000 46.000 0.000 176.000 1.000 0.000 0.000 0.000 3.000 3229.000 0.000 2.000 1.000 0.000 153.000 3.000 2.000 1.000 0.000 0.000 0.000 2.000 0.000 1.000 2.000 1.000 5.000 69.000 14.000 13.000 0.000 7.000 6.000 2.000 1.000 0.000 0.000 1.000 1.000 0.000 3.000 0.000 5.000 20.000
0.000 5330.000 1.000 0.000 18.000 17.000 14.000 13.000 0.000 7.000 6.000 3.000 2.000 0.000 1.000 0.000 1.000 0.000 4.000 10.000 19.000 4.000 1.000 0.000 5.000 0.000 0.000 0.000 43.000 1.000 0.000 172.000 1.000 0.000 0.000 2.000 3.000 25.000 3201.000 3181.000 0.000 1.000 161.000 2.000 1.000 0.000 1.000 5.000 3.000 1.000 0.000 2.000 3.000 2.000 87.000 10.000 9.000 8.000 5.000 4.000 0.000 2.000 1.000 0.000 0.000 0.000 0.000 1.000 2.000 3.000 11.000 7.000
1.000 5327.000 26.000 23.000 22.000 0.000 1.000 0.000 11.000 10.000 0.000 1.000 0.000 0.000 0.000 0.000 0.000 2.000 9.000 0.000 17.000 3.000 0.000 0.000 3.000 4.000 10.000 13.000 27.000 0.000 154.000 14.000 1.000 0.000 0.000 2.000 0.000 19.000 14.000 3.000 3174.000 3171.000 1.000 0.000 3.000 2.000 7.000 0.000 2.000 2.000 0.000 0.000 7.000 91.000 8.000 7.000 6.000 0.000 1.000 0.000 2.000 1.000 0.000 0.000 0.000 0.000 0.000 1.000 1.000 7.000 2.000 6.000
18.000 5297.000 0.000 1.000 0.000 20.000 19.000 2.000 1.000 0.000 8.000 7.000 2.000 1.000 0.000 0.000 0.000 4.000 3.000 12.000 3.000 2.000 0.000 2.000 3.000 4.000 0.000 25.000 0.000 0.000 152.000 11.000 1.000 0.000 1.000 0.000 2.000 15.000 13.000 2.000 1.000 0.000 3003.000 5.000 0.000 8.000 0.000 3.000 4.000 0.000 0.000 1.000 8.000 112.000 2.000 1.000 0.000 4.000 3.000 1.000 0.000 0.000 0.000 1.000 1.000 1.000 0.000 0.000 0.000 3.000 1.000 5.000
