app_data/models/topmodel/test/data/fac_trim.txt
ncols 291
nrows 329
xllcorner -1216248.90364074
yllcorner 303574.46866338
cellsize 30.92208078
[rows 64 to 95 of 329, columns 72 to 143 of 291]
1.000 107.000 0.000 0.000 2.000 0.000 18.000 0.000 5.000 12.000 7.000 1.000 0.000 1.000 0.000 665.000 44.000 0.000 111.000 8.000 7.000 6.000 1.000 0.000 6.000 68.000 11.000 9.000 2.000 0.000 13.000 2.000 0.000 0.000 2.000 3.000 0.000 1.000 70.000 0.000 8.000 138.000 0.000 1.000 0.000 4.000 2.000 0.000 0.000 82.000 0.000 0.000 10.000 2.000 0.000 22.000 2.000 0.000 34.000 0.000 3.000 0.000 9.000 0.000 0.000 9.000 19.000 7.000 6.000 2.000 1.000 0.000
2.000 110.000 0.000 3.000 0.000 1.000 49.000 28.000 21.000 6.000 4.000 0.000 0.000 0.000 694.000 24.000 1.000 42.000 41.000 27.000 23.000 0.000 3.000 0.000 3.000 1.000 51.000 0.000 0.000 20.000 1.000 0.000 0.000 0.000 1.000 2.000 7.000 8.000 2.000 71.000 150.000 0.000 2.000 0.000 5.000 4.000 0.000 0.000 0.000 85.000 0.000 1.000 14.000 0.000 1.000 27.000 0.000 35.000 0.000 4.000 1.000 0.000 12.000 0.000 1.000 40.000 2.000 1.000 0.000 2.000 1.000 0.000
121.000 0.000 0.000 4.000 1.000 61.000 3.000 2.000 1.000 0.000 0.000 0.000 1.000 700.000 3.000 1.000 19.000 0.000 4.000 7.000 2.000 21.000 12.000 2.000 1.000 0.000 0.000 49.000 38.000 0.000 2.000 0.000 0.000 2.000 3.000 0.000 1.000 0.000 10.000 75.000 152.000 0.000 8.000 6.000 6.000 0.000 0.000 0.000 2.000 0.000 87.000 2.000 16.000 0.000 30.000 37.000 36.000 7.000 5.000 2.000 0.000 14.000 0.000 45.000 42.000 0.000 6.000 5.000 2.000 1.000 0.000 0.000
138.000 1.000 0.000 7.000 62.000 0.000 4.000 3.000 1.000 0.000 0.000 0.000 707.000 2.000 1.000 0.000 0.000 18.000 8.000 3.000 6.000 1.000 7.000 11.000 1.000 0.000 0.000 5.000 1.000 15.000 1.000 0.000 0.000 1.000 0.000 5.000 6.000 9.000 10.000 240.000 0.000 9.000 0.000 7.000 2.000 1.000 0.000 0.000 4.000 0.000 89.000 20.000 0.000 1.000 81.000 10.000 9.000 0.000 3.000 1.000 0.000 72.000 55.000 8.000 7.000 4.000 3.000 0.000 1.000 0.000 0.000 0.000
140.000 0.000 9.000 0.000 67.000 2.000 1.000 0.000 0.000 0.000 0.000 710.000 2.000 0.000 1.000 0.000 3.000 0.000 3.000 7.000 2.000 5.000 0.000 6.000 10.000 0.000 1.000 2.000 0.000 10.000 1.000 0.000 0.000 1.000 2.000 3.000 0.000 1.000 2.000 255.000 11.000 15.000 13.000 4.000 0.000 0.000 1.000 1.000 0.000 6.000 90.000 25.000 2.000 83.000 0.000 0.000 1.000 0.000 6.000 0.000 74.000 0.000 3.000 2.000 0.000 1.000 0.000 1.000 0.000 0.000 0.000 2.000
145.000 0.000 84.000 73.000 3.000 2.000 1.000 0.000 0.000 0.000 0.000 724.000 7.000 1.000 0.000 0.000 1.000 0.000 2.000 0.000 5.000 1.000 4.000 4.000 0.000 9.000 0.000 1.000 0.000 7.000 0.000 0.000 0.000 0.000 3.000 0.000 5.000 6.000 0.000 257.000 28.000 1.000 0.000 2.000 1.000 0.000 2.000 2.000 0.000 8.000 117.000 87.000 86.000 1.000 0.000 3.000 0.000 0.000 8.000 0.000 83.000 6.000 1.000 0.000 0.000 1.000 0.000 0.000 0.000 0.000 1.000 4.000
0.000 232.000 0.000 4.000 0.000 1.000 0.000 0.000 1.000 0.000 731.000 0.000 0.000 6.000 0.000 2.000 0.000 0.000 0.000 0.000 4.000 0.000 3.000 0.000 2.000 7.000 0.000 0.000 2.000 2.000 0.000 0.000 1.000 3.000 4.000 4.000 5.000 0.000 8.000 9.000 290.000 0.000 3.000 0.000 0.000 1.000 3.000 4.000 0.000 0.000 216.000 0.000 1.000 0.000 5.000 0.000 0.000 1.000 9.000 89.000 3.000 2.000 1.000 0.000 3.000 0.000 1.000 0.000 1.000 0.000 3.000 5.000
1.000 241.000 5.000 0.000 2.000 0.000 0.000 871.000 0.000 734.000 0.000 2.000 1.000 0.000 4.000 0.000 0.000 0.000 0.000 0.000 0.000 2.000 1.000 0.000 1.000 4.000 1.000 0.000 0.000 1.000 1.000 2.000 0.000 1.000 2.000 8.000 9.000 6.000 7.000 8.000 315.000 4.000 2.000 0.000 1.000 2.000 9.000 0.000 0.000 2.000 220.000 2.000 0.000 7.000 0.000 0.000 1.000 12.000 90.000 4.000 2.000 1.000 0.000 4.000 3.000 2.000 2.000 0.000 2.000 0.000 5.000 6.000
245.000 0.000 2.000 0.000 0.000 880.000 877.000 0.000 866.000 128.000 123.000 1.000 0.000 0.000 1.000 0.000 1.000 1.000 1.000 1.000 0.000 0.000 0.000 0.000 0.000 1.000 1.000 0.000 0.000 0.000 0.000 1.000 5.000 6.000 0.000 1.000 0.000 11.000 12.000 0.000 322.000 4.000 0.000 2.000 0.000 3.000 12.000 0.000 0.000 225.000 0.000 10.000 8.000 0.000 0.000 1.000 127.000 110.000 6.000 0.000 0.000 6.000 5.000 4.000 0.000 3.000 0.000 0.000 0.000 4.000 6.000 10.000
251.000 3.000 0.000 1.000 884.000 2.000 1.000 3.000 1.000 0.000 2.000 120.000 90.000 3.000 0.000 2.000 2.000 2.000 2.000 1.000 0.000 0.000 0.000 0.000 0.000 0.000 0.000 1.000 0.000 0.000 0.000 0.000 1.000 0.000 8.000 9.000 12.000 13.000 0.000 14.000 338.000 0.000 3.000 1.000 0.000 17.000 0.000 0.000 1.000 227.000 16.000 4.000 3.000 1.000 2.000 133.000 0.000 0.000 11.000 0.000 8.000 0.000 5.000 2.000 0.000 6.000 0.000 1.000 1.000 5.000 18.000 1.000
0.000 0.000 902.000 900.000 2.000 1.000 0.000 0.000 2.000 0.000 1.000 1.000 26.000 84.000 39.000 35.000 31.000 30.000 23.000 2.000 1.000 0.000 1.000 3.000 0.000 0.000 0.000 0.000 3.000 1.000 1.000 3.000 4.000 7.000 8.000 0.000 1.000 2.000 17.000 18.000 0.000 344.000 2.000 0.000 1.000 18.000 1.000 410.000 406.000 177.000 158.000 156.000 144.000 143.000 137.000 1.000 3.000 1.000 0.000 9.000 7.000 6.000 4.000 0.000 7.000 0.000 0.000 2.000 2.000 6.000 19.000 4.000
1095.000 1088.000 182.000 6.000 9.000 8.000 2.000 1.000 0.000 1.000 0.000 0.000 0.000 24.000 43.000 40.000 32.000 31.000 15.000 17.000 16.000 14.000 11.000 2.000 1.000 0.000 0.000 0.000 1.000 4.000 7.000 0.000 0.000 1.000 2.000 12.000 13.000 0.000 1.000 2.000 23.000 348.000 2.000 0.000 21.000 0.000 419.000 5.000 3.000 0.000 0.000 0.000 9.000 0.000 1.000 0.000 0.000 0.000 0.000 9.000 0.000 5.000 0.000 0.000 10.000 0.000 1.000 3.000 3.000 27.000 5.000 0.000
2.000 4.000 1.000 174.000 5.000 0.000 4.000 3.000 1.000 0.000 0.000 0.000 4.000 18.000 1.000 4.000 1.000 13.000 0.000 14.000 2.000 1.000 0.000 3.000 2.000 0.000 0.000 2.000 0.000 2.000 3.000 12.000 1.000 0.000 0.000 1.000 2.000 17.000 18.000 0.000 1.000 376.000 0.000 22.000 424.000 422.000 1.000 0.000 0.000 2.000 0.000 2.000 2.000 1.000 0.000 0.000 0.000 12.000 10.000 28.000 27.000 26.000 16.000 12.000 0.000 0.000 2.000 4.000 4.000 34.000 3.000 1.000
7.000 1.000 3.000 0.000 173.000 3.000 2.000 0.000 0.000 0.000 0.000 0.000 1.000 5.000 11.000 0.000 3.000 0.000 12.000 3.000 10.000 7.000 4.000 1.000 0.000 0.000 0.000 0.000 3.000 5.000 0.000 0.000 14.000 2.000 4.000 0.000 0.000 1.000 2.000 22.000 23.000 428.000 23.000 425.000 0.000 6.000 5.000 2.000 1.000 0.000 0.000 0.000 0.000 1.000 0.000 0.000 14.000 0.000 38.000 1.000 0.000 0.000 0.000 1.000 0.000 1.000 3.000 5.000 5.000 39.000 0.000 0.000
8.000 6.000 0.000 2.000 170.000 1.000 0.000 0.000 3.000 1.000 0.000 0.000 0.000 1.000 2.000 10.000 1.000 0.000 4.000 2.000 2.000 1.000 1.000 1.000 0.000 0.000 1.000 1.000 1.000 0.000 6.000 1.000 0.000 15.000 16.000 5.000 1.000 0.000 0.000 1.000 0.000 429.000 0.000 435.000 7.000 2.000 0.000 1.000 0.000 0.000 0.000 0.000 0.000 0.000 0.000 59.000 42.000 40.000 0.000 6.000 5.000 2.000 1.000 0.000 0.000 2.000 4.000 6.000 6.000 46.000 4.000 2.000
7.000 0.000 4.000 0.000 0.000 169.000 6.000 5.000 0.000 1.000 9.000 0.000 1.000 0.000 0.000 1.000 9.000 0.000 2.000 0.000 1.000 1.000 0.000 0.000 0.000 0.000 1.000 2.000 2.000 3.000 0.000 8.000 2.000 4.000 0.000 24.000 2.000 0.000 2.000 3.000 437.000 1.000 436.000 0.000 4.000 0.000 0.000 0.000 0.000 3.000 0.000 2.000 2.000 0.000 63.000 1.000 0.000 10.000 2.000 1.000 0.000 1.000 0.000 0.000 0.000 4.000 5.000 0.000 61.000 1.000 0.000 2.000
1.000 4.000 2.000 0.000 36.000 48.000 75.000 74.000 71.000 48.000 0.000 6.000 3.000 2.000 1.000 0.000 0.000 8.000 2.000 1.000 0.000 0.000 0.000 1.000 0.000 2.000 1.000 2.000 3.000 3.000 4.000 0.000 10.000 0.000 5.000 6.000 35.000 0.000 0.000 0.000 439.000 2.000 438.000 7.000 1.000 0.000 0.000 1.000 6.000 0.000 0.000 96.000 89.000 88.000 23.000 21.000 12.000 0.000 6.000 5.000 2.000 1.000 0.000 1.000 0.000 7.000 6.000 1.000 65.000 0.000 3.000 4.000
0.000 3.000 1.000 0.000 30.000 3.000 47.000 14.000 1.000 19.000 36.000 23.000 22.000 9.000 8.000 2.000 1.000 2.000 1.000 1.000 0.000 0.000 1.000 2.000 5.000 0.000 3.000 9.000 0.000 9.000 0.000 5.000 0.000 11.000 13.000 0.000 0.000 36.000 1.000 1.000 2.000 895.000 9.000 0.000 0.000 1.000 136.000 126.000 125.000 111.000 109.000 11.000 6.000 2.000 1.000 0.000 7.000 3.000 2.000 0.000 1.000 0.000 0.000 0.000 2.000 0.000 15.000 68.000 0.000 4.000 5.000 0.000
3.000 2.000 0.000 28.000 0.000 2.000 29.000 1.000 13.000 0.000 18.000 11.000 5.000 11.000 6.000 4.000 3.000 0.000 1.000 0.000 0.000 0.000 1.000 0.000 1.000 8.000 10.000 0.000 10.000 0.000 10.000 1.000 6.000 1.000 0.000 14.000 1.000 38.000 2.000 0.000 0.000 898.000 0.000 146.000 145.000 143.000 3.000 6.000 2.000 5.000 1.000 2.000 0.000 2.000 0.000 0.000 0.000 1.000 0.000 0.000 1.000 0.000 0.000 2.000 4.000 0.000 18.000 70.000 5.000 6.000 4.000 2.000
2.000 1.000 0.000 25.000 0.000 1.000 12.000 15.000 0.000 12.000 5.000 11.000 4.000 4.000 3.000 5.000 2.000 2.000 0.000 0.000 0.000 1.000 2.000 5.000 6.000 0.000 1.000 13.000 27.000 0.000 0.000 11.000 14.000 24.000 1.000 0.000 15.000 60.000 0.000 0.000 1.000 1061.000 161.000 5.000 4.000 3.000 0.000 2.000 2.000 1.000 2.000 0.000 1.000 0.000 0.000 0.000 0.000 1.000 0.000 2.000 0.000 0.000 0.000 0.000 4.000 5.000 0.000 104.000 7.000 20.000 14.000 13.000
1.000 0.000 17.000 0.000 5.000 0.000 11.000 13.000 0.000 11.000 3.000 0.000 10.000 3.000 3.000 2.000 1.000 1.000 0.000 0.000 1.000 2.000 0.000 1.000 2.000 11.000 13.000 0.000 1.000 28.000 1.000 1.000 0.000 1.000 27.000 3.000 0.000 0.000 62.000 0.000 1088.000 22.000 17.000 7.000 6.000 0.000 1.000 0.000 1.000 1.000 0.000 1.000 0.000 0.000 0.000 0.000 4.000 0.000 3.000 3.000 1.000 0.000 0.000 1.000 0.000 11.000 106.000 34.000 33.000 11.000 7.000 4.000
0.000 0.000 12.000 2.000 3.000 0.000 10.000 0.000 11.000 3.000 6.000 2.000 1.000 7.000 2.000 2.000 1.000 0.000 0.000 0.000 1.000 2.000 6.000 0.000 0.000 0.000 0.000 15.000 16.000 2.000 29.000 2.000 2.000 0.000 0.000 32.000 0.000 1.000 64.000 1093.000 0.000 0.000 2.000 16.000 8.000 4.000 3.000 1.000 0.000 0.000 0.000 0.000 0.000 1.000 1.000 1.000 11.000 4.000 4.000 0.000 0.000 0.000 2.000 0.000 3.000 119.000 47.000 5.000 4.000 2.000 2.000 1.000
0.000 1.000 11.000 1.000 1.000 0.000 8.000 0.000 6.000 3.000 2.000 5.000 1.000 0.000 6.000 1.000 1.000 0.000 0.000 1.000 2.000 0.000 1.000 7.000 9.000 0.000 0.000 1.000 0.000 18.000 3.000 30.000 3.000 3.000 6.000 0.000 34.000 0.000 1162.000 0.000 1.000 0.000 1.000 2.000 3.000 7.000 0.000 0.000 1.000 0.000 1.000 0.000 3.000 0.000 2.000 14.000 0.000 0.000 5.000 2.000 0.000 1.000 3.000 0.000 183.000 57.000 0.000 5.000 4.000 0.000 1.000 1.000
3.000 0.000 0.000 10.000 0.000 0.000 0.000 6.000 1.000 3.000 2.000 1.000 4.000 0.000 3.000 1.000 0.000 0.000 0.000 1.000 0.000 4.000 5.000 8.000 9.000 20.000 22.000 0.000 2.000 3.000 19.000 4.000 31.000 4.000 5.000 7.000 1.000 1199.000 6.000 5.000 4.000 2.000 0.000 1.000 2.000 0.000 4.000 3.000 0.000 2.000 0.000 1.000 4.000 1.000 18.000 0.000 1.000 1.000 9.000 0.000 1.000 2.000 4.000 187.000 1.000 0.000 7.000 6.000 2.000 3.000 1.000 0.000
1.000 0.000 1.000 0.000 9.000 8.000 0.000 0.000 4.000 0.000 2.000 1.000 0.000 3.000 1.000 0.000 0.000 0.000 0.000 0.000 3.000 4.000 0.000 1.000 0.000 1.000 2.000 26.000 28.000 29.000 34.000 55.000 93.000 0.000 0.000 7.000 8.000 1223.000 4.000 3.000 2.000 0.000 1.000 0.000 0.000 0.000 0.000 0.000 3.000 0.000 0.000 8.000 0.000 21.000 0.000 1.000 0.000 2.000 13.000 0.000 2.000 3.000 208.000 12.000 11.000 9.000 3.000 2.000 2.000 1.000 0.000 0.000
53.000 49.000 46.000 20.000 19.000 17.000 6.000 5.000 0.000 3.000 1.000 1.000 0.000 1.000 0.000 0.000 0.000 0.000 2.000 0.000 0.000 0.000 5.000 0.000 2.000 0.000 1.000 2.000 5.000 0.000 1.000 2.000 0.000 94.000 1.000 2.000 8.000 1224.000 6.000 5.000 3.000 1.000 0.000 0.000 0.000 1.000 0.000 2.000 5.000 0.000 1.000 9.000 1.000 22.000 1.000 2.000 0.000 4.000 0.000 15.000 3.000 230.000 15.000 1.000 0.000 0.000 4.000 2.000 1.000 1.000 0.000 0.000
10.000 2.000 0.000 24.000 1.000 0.000 16.000 0.000 3.000 2.000 0.000 0.000 0.000 0.000 0.000 0.000 0.000 1.000 4.000 1.000 0.000 1.000 1.000 6.000 4.000 0.000 0.000 1.000 0.000 7.000 8.000 0.000 15.000 17.000 113.000 114.000 3.000 1247.000 5.000 0.000 0.000 2.000 0.000 0.000 1.000 0.000 3.000 4.000 7.000 0.000 2.000 0.000 12.000 23.000 2.000 3.000 0.000 6.000 1.000 258.000 234.000 2.000 0.000 14.000 5.000 4.000 3.000 0.000 1.000 0.000 0.000 1.000
5.000 9.000 0.000 3.000 17.000 0.000 7.000 6.000 5.000 3.000 1.000 0.000 0.000 0.000 0.000 1.000 1.000 1.000 7.000 2.000 0.000 3.000 0.000 2.000 12.000 0.000 1.000 0.000 0.000 1.000 0.000 10.000 0.000 0.000 1.000 0.000 120.000 1249.000 0.000 3.000 2.000 0.000 0.000 0.000 0.000 2.000 3.000 4.000 13.000 1.000 4.000 0.000 0.000 37.000 3.000 4.000 8.000 0.000 262.000 0.000 2.000 0.000 1.000 0.000 7.000 6.000 0.000 2.000 1.000 0.000 0.000 0.000
1.000 4.000 8.000 0.000 1.000 16.000 3.000 6.000 3.000 0.000 2.000 0.000 0.000 2.000 1.000 1.000 2.000 4.000 0.000 11.000 1.000 0.000 4.000 4.000 15.000 0.000 0.000 2.000 4.000 0.000 3.000 0.000 0.000 2.000 3.000 6.000 0.000 1374.000 2.000 1.000 0.000 0.000 0.000 1.000 0.000 2.000 3.000 4.000 19.000 7.000 0.000 0.000 1.000 39.000 4.000 5.000 9.000 267.000 2.000 1.000 0.000 0.000 15.000 8.000 7.000 0.000 4.000 3.000 0.000 0.000 0.000 1.000
7.000 0.000 3.000 7.000 0.000 8.000 2.000 2.000 1.000 2.000 0.000 0.000 0.000 1.000 5.000 10.000 0.000 8.000 0.000 1.000 14.000 0.000 6.000 21.000 0.000 0.000 0.000 2.000 3.000 5.000 6.000 4.000 1.000 0.000 0.000 1.000 1383.000 1.000 0.000 1.000 0.000 1.000 0.000 2.000 0.000 0.000 0.000 10.000 20.000 9.000 0.000 0.000 3.000 40.000 5.000 6.000 323.000 29.000 28.000 27.000 24.000 23.000 0.000 5.000 4.000 5.000 4.000 0.000 1.000 0.000 0.000 0.000
2.000 6.000 1.000 0.000 6.000 4.000 2.000 1.000 1.000 0.000 0.000 0.000 1.000 2.000 0.000 1.000 12.000 0.000 9.000 3.000 15.000 0.000 8.000 25.000 1.000 0.000 0.000 1.000 2.000 7.000 0.000 7.000 5.000 2.000 4.000 5.000 1388.000 0.000 3.000 0.000 2.000 1.000 0.000 0.000 3.000 1.000 1.000 2.000 42.000 2.000 0.000 0.000 1.000 45.000 6.000 331.000 0.000 14.000 13.000 0.000 1.000 0.000 5.000 4.000 2.000 3.000 1.000 2.000 1.000 0.000 0.000 2.000
0.000 1.000 5.000 0.000 1.000 3.000 3.000 1.000 0.000 0.000 0.000 1.000 2.000 0.000 4.000 5.000 21.000 0.000 1.000 10.000 4.000 17.000 35.000 0.000 1.000 0.000 0.000 0.000 0.000 8.000 0.000 1.000 8.000 6.000 7.000 0.000 1396.000 5.000 4.000 3.000 2.000 0.000 1.000 0.000 1.000 4.000 2.000 0.000 49.000 0.000 0.000 1.000 0.000 48.000 7.000 351.000 4.000 3.000 2.000 11.000 10.000 4.000 3.000 2.000 0.000 1.000 0.000 0.000 0.000 0.000 0.000 1.000
