app_data/models/topmodel/test/data/fac_trim.txt
ncols 291
nrows 329
xllcorner -1216248.90364074
yllcorner 303574.46866338
cellsize 30.92208078
[rows 224 to 255 of 329, columns 144 to 215 of 291]
6.000 1.000 0.000 11.000 2.000 4.000 3.000 1.000 1.000 1.000 0.000 0.000 0.000 2.000 3.000 0.000 1.000 7.000 9.000 0.000 9.000 10.000 20.000 203.000 10.000 2.000 1.000 0.000 238.000 3.000 2.000 0.000 0.000 1.000 2.000 0.000 582.000 27.000 18.000 17.000 8.000 3.000 2.000 0.000 0.000 0.000 1.000 0.000 7.000 8.000 0.000 1.000 0.000 834.000 0.000 0.000 0.000 0.000 817.000 1.000 0.000 1.000 0.000 0.000 1.000 128.000 18.000 17.000 2.000 1.000 0.000 4.000
5.000 0.000 5.000 2.000 1.000 1.000 3.000 2.000 0.000 0.000 0.000 0.000 1.000 2.000 0.000 5.000 6.000 2.000 3.000 14.000 16.000 17.000 180.000 6.000 2.000 1.000 0.000 0.000 236.000 1.000 0.000 0.000 0.000 1.000 0.000 522.000 24.000 9.000 6.000 5.000 3.000 3.000 2.000 0.000 0.000 2.000 3.000 6.000 0.000 0.000 10.000 11.000 814.000 1.000 4.000 0.000 0.000 1.000 806.000 8.000 2.000 1.000 0.000 0.000 0.000 5.000 121.000 0.000 13.000 12.000 2.000 1.000
4.000 0.000 1.000 1.000 1.000 0.000 0.000 2.000 1.000 0.000 0.000 1.000 3.000 4.000 3.000 4.000 5.000 13.000 14.000 0.000 144.000 161.000 1.000 3.000 1.000 0.000 1.000 2.000 223.000 5.000 1.000 0.000 0.000 0.000 0.000 520.000 13.000 0.000 1.000 0.000 0.000 2.000 0.000 0.000 0.000 0.000 0.000 1.000 9.000 11.000 12.000 13.000 799.000 0.000 1.000 0.000 0.000 2.000 799.000 0.000 4.000 3.000 0.000 0.000 1.000 1.000 116.000 2.000 1.000 0.000 8.000 7.000
0.000 1.000 0.000 0.000 0.000 0.000 1.000 0.000 1.000 0.000 0.000 0.000 1.000 2.000 8.000 9.000 0.000 1.000 2.000 142.000 0.000 14.000 0.000 2.000 0.000 0.000 0.000 1.000 222.000 0.000 1.000 0.000 0.000 0.000 2.000 515.000 0.000 10.000 9.000 3.000 2.000 1.000 0.000 0.000 1.000 3.000 5.000 0.000 0.000 1.000 2.000 776.000 1.000 5.000 1.000 0.000 0.000 2.000 792.000 2.000 1.000 0.000 1.000 0.000 0.000 1.000 102.000 12.000 11.000 8.000 7.000 0.000
0.000 0.000 0.000 0.000 0.000 7.000 4.000 3.000 2.000 0.000 0.000 2.000 3.000 0.000 1.000 2.000 13.000 14.000 15.000 107.000 8.000 0.000 3.000 0.000 0.000 0.000 1.000 5.000 209.000 3.000 2.000 0.000 0.000 2.000 3.000 510.000 6.000 5.000 4.000 4.000 3.000 0.000 0.000 0.000 1.000 0.000 1.000 8.000 10.000 11.000 12.000 759.000 0.000 1.000 0.000 0.000 1.000 2.000 783.000 7.000 6.000 3.000 2.000 0.000 0.000 0.000 99.000 16.000 14.000 1.000 0.000 5.000
0.000 1.000 1.000 2.000 8.000 2.000 1.000 0.000 0.000 0.000 0.000 1.000 0.000 5.000 6.000 0.000 1.000 2.000 106.000 0.000 5.000 0.000 1.000 0.000 0.000 1.000 2.000 0.000 206.000 1.000 0.000 0.000 0.000 3.000 4.000 502.000 7.000 6.000 0.000 3.000 2.000 1.000 0.000 0.000 1.000 4.000 5.000 0.000 1.000 2.000 749.000 0.000 7.000 1.000 0.000 0.000 1.000 0.000 1.000 777.000 0.000 1.000 0.000 0.000 0.000 2.000 77.000 0.000 0.000 13.000 11.000 3.000
0.000 2.000 2.000 12.000 4.000 0.000 3.000 2.000 0.000 0.000 0.000 1.000 4.000 5.000 0.000 8.000 9.000 94.000 0.000 6.000 0.000 3.000 0.000 0.000 0.000 1.000 2.000 3.000 197.000 2.000 0.000 0.000 1.000 3.000 4.000 488.000 1.000 0.000 4.000 3.000 0.000 1.000 0.000 0.000 0.000 1.000 2.000 9.000 10.000 734.000 7.000 2.000 2.000 1.000 0.000 0.000 0.000 4.000 766.000 0.000 7.000 6.000 1.000 0.000 0.000 0.000 56.000 17.000 1.000 0.000 0.000 6.000
0.000 4.000 3.000 19.000 0.000 6.000 1.000 0.000 1.000 0.000 0.000 0.000 1.000 2.000 9.000 10.000 33.000 49.000 0.000 1.000 2.000 1.000 0.000 0.000 2.000 3.000 0.000 9.000 186.000 1.000 0.000 0.000 2.000 0.000 1.000 466.000 11.000 9.000 1.000 0.000 1.000 0.000 0.000 0.000 2.000 0.000 0.000 1.000 2.000 719.000 3.000 2.000 1.000 1.000 0.000 0.000 2.000 0.000 1.000 758.000 1.000 0.000 3.000 2.000 0.000 0.000 8.000 45.000 14.000 2.000 1.000 0.000
1.000 5.000 24.000 27.000 9.000 1.000 0.000 6.000 3.000 0.000 0.000 2.000 3.000 0.000 9.000 21.000 40.000 0.000 6.000 0.000 1.000 0.000 0.000 0.000 1.000 2.000 7.000 175.000 7.000 1.000 0.000 0.000 0.000 0.000 1.000 463.000 6.000 0.000 6.000 3.000 2.000 0.000 0.000 2.000 3.000 3.000 5.000 6.000 709.000 4.000 3.000 2.000 1.000 0.000 0.000 0.000 3.000 4.000 14.000 740.000 11.000 2.000 1.000 0.000 0.000 0.000 6.000 41.000 2.000 10.000 9.000 3.000
0.000 8.000 54.000 0.000 16.000 15.000 9.000 1.000 0.000 0.000 0.000 1.000 2.000 7.000 10.000 30.000 8.000 0.000 3.000 0.000 0.000 0.000 1.000 3.000 4.000 0.000 8.000 165.000 2.000 1.000 0.000 0.000 0.000 2.000 453.000 0.000 0.000 5.000 3.000 1.000 0.000 0.000 0.000 1.000 2.000 7.000 8.000 687.000 9.000 3.000 3.000 2.000 1.000 0.000 0.000 2.000 0.000 1.000 8.000 727.000 0.000 7.000 6.000 1.000 0.000 0.000 4.000 25.000 14.000 1.000 0.000 4.000
3.000 74.000 9.000 2.000 1.000 0.000 4.000 3.000 1.000 0.000 0.000 1.000 0.000 9.000 3.000 25.000 0.000 6.000 1.000 0.000 0.000 1.000 0.000 1.000 0.000 6.000 156.000 5.000 1.000 1.000 0.000 0.000 2.000 3.000 442.000 2.000 1.000 0.000 0.000 2.000 0.000 0.000 1.000 2.000 0.000 1.000 2.000 674.000 6.000 1.000 2.000 2.000 1.000 0.000 0.000 1.000 3.000 5.000 7.000 714.000 2.000 1.000 0.000 3.000 2.000 0.000 3.000 0.000 23.000 13.000 6.000 5.000
81.000 1.000 0.000 5.000 4.000 2.000 1.000 0.000 0.000 0.000 0.000 0.000 7.000 2.000 13.000 10.000 0.000 3.000 0.000 0.000 0.000 0.000 3.000 4.000 7.000 10.000 144.000 2.000 1.000 0.000 0.000 0.000 1.000 2.000 441.000 9.000 8.000 3.000 2.000 1.000 0.000 0.000 1.000 2.000 6.000 7.000 665.000 5.000 1.000 5.000 0.000 1.000 1.000 0.000 0.000 0.000 0.000 6.000 0.000 713.000 10.000 9.000 6.000 5.000 0.000 0.000 0.000 1.000 22.000 0.000 4.000 3.000
7.000 6.000 3.000 2.000 0.000 0.000 1.000 0.000 2.000 0.000 0.000 3.000 1.000 0.000 11.000 8.000 0.000 1.000 0.000 0.000 1.000 3.000 4.000 0.000 1.000 135.000 5.000 1.000 1.000 0.000 0.000 1.000 4.000 0.000 427.000 1.000 0.000 3.000 2.000 0.000 0.000 0.000 1.000 0.000 1.000 2.000 656.000 0.000 4.000 0.000 4.000 1.000 0.000 0.000 1.000 0.000 5.000 6.000 8.000 16.000 674.000 0.000 1.000 0.000 3.000 2.000 0.000 0.000 0.000 20.000 7.000 5.000
11.000 0.000 1.000 0.000 0.000 3.000 0.000 3.000 0.000 0.000 0.000 0.000 1.000 8.000 1.000 0.000 6.000 0.000 0.000 1.000 0.000 1.000 2.000 8.000 9.000 124.000 2.000 1.000 0.000 0.000 0.000 1.000 0.000 6.000 406.000 9.000 2.000 1.000 0.000 0.000 0.000 1.000 0.000 3.000 4.000 5.000 637.000 7.000 0.000 3.000 2.000 1.000 0.000 0.000 0.000 3.000 5.000 0.000 9.000 5.000 658.000 13.000 12.000 2.000 1.000 0.000 0.000 3.000 2.000 8.000 2.000 0.000
0.000 9.000 8.000 0.000 5.000 0.000 4.000 3.000 1.000 1.000 0.000 0.000 1.000 3.000 0.000 0.000 4.000 0.000 1.000 2.000 5.000 6.000 0.000 1.000 118.000 2.000 1.000 1.000 0.000 0.000 1.000 2.000 0.000 1.000 403.000 0.000 5.000 4.000 1.000 0.000 0.000 1.000 4.000 5.000 0.000 636.000 5.000 4.000 5.000 4.000 2.000 1.000 0.000 0.000 0.000 4.000 6.000 8.000 4.000 0.000 657.000 1.000 0.000 8.000 7.000 0.000 4.000 1.000 0.000 1.000 7.000 1.000
2.000 1.000 0.000 6.000 12.000 11.000 5.000 0.000 4.000 1.000 0.000 0.000 0.000 1.000 0.000 3.000 0.000 1.000 2.000 0.000 1.000 2.000 10.000 11.000 103.000 5.000 1.000 0.000 0.000 0.000 4.000 0.000 11.000 13.000 380.000 6.000 5.000 0.000 1.000 0.000 0.000 0.000 1.000 2.000 11.000 628.000 8.000 0.000 3.000 2.000 0.000 1.000 0.000 0.000 2.000 5.000 0.000 3.000 5.000 7.000 0.000 644.000 2.000 1.000 0.000 5.000 3.000 0.000 1.000 0.000 0.000 6.000
31.000 30.000 23.000 22.000 8.000 7.000 6.000 5.000 1.000 0.000 0.000 0.000 0.000 0.000 1.000 1.000 0.000 1.000 2.000 6.000 7.000 0.000 11.000 90.000 3.000 1.000 4.000 0.000 0.000 2.000 0.000 6.000 0.000 0.000 379.000 1.000 0.000 3.000 2.000 0.000 0.000 2.000 3.000 0.000 1.000 606.000 0.000 6.000 5.000 3.000 1.000 0.000 0.000 0.000 4.000 1.000 2.000 4.000 0.000 12.000 477.000 120.000 41.000 40.000 37.000 36.000 14.000 13.000 10.000 7.000 6.000 0.000
0.000 0.000 5.000 4.000 2.000 1.000 0.000 5.000 2.000 1.000 0.000 1.000 0.000 0.000 0.000 0.000 3.000 4.000 0.000 1.000 0.000 9.000 69.000 6.000 0.000 2.000 0.000 3.000 0.000 0.000 0.000 1.000 2.000 3.000 375.000 7.000 2.000 1.000 0.000 0.000 0.000 1.000 2.000 7.000 589.000 14.000 2.000 1.000 0.000 0.000 2.000 0.000 0.000 2.000 0.000 0.000 3.000 0.000 11.000 0.000 461.000 0.000 119.000 117.000 1.000 0.000 16.000 15.000 0.000 1.000 0.000 4.000
2.000 0.000 1.000 0.000 0.000 7.000 6.000 1.000 0.000 1.000 2.000 0.000 0.000 2.000 0.000 0.000 1.000 0.000 12.000 28.000 32.000 62.000 5.000 0.000 4.000 0.000 0.000 2.000 0.000 1.000 3.000 6.000 0.000 10.000 351.000 0.000 3.000 2.000 0.000 0.000 1.000 4.000 0.000 9.000 580.000 0.000 9.000 8.000 5.000 4.000 0.000 0.000 0.000 1.000 0.000 1.000 8.000 9.000 7.000 8.000 460.000 2.000 1.000 0.000 116.000 2.000 1.000 0.000 13.000 12.000 2.000 1.000
0.000 2.000 1.000 0.000 9.000 0.000 3.000 0.000 2.000 4.000 0.000 1.000 1.000 0.000 3.000 1.000 2.000 5.000 14.000 0.000 22.000 5.000 0.000 3.000 2.000 0.000 1.000 0.000 1.000 0.000 1.000 0.000 8.000 12.000 333.000 2.000 1.000 0.000 0.000 0.000 1.000 1.000 7.000 5.000 569.000 10.000 9.000 0.000 1.000 0.000 2.000 1.000 0.000 0.000 3.000 7.000 0.000 6.000 0.000 7.000 432.000 6.000 0.000 0.000 64.000 47.000 46.000 2.000 1.000 0.000 8.000 7.000
3.000 3.000 0.000 10.000 0.000 4.000 4.000 3.000 5.000 0.000 2.000 2.000 0.000 0.000 6.000 0.000 0.000 13.000 0.000 9.000 11.000 3.000 0.000 2.000 0.000 0.000 0.000 0.000 1.000 4.000 5.000 0.000 11.000 86.000 237.000 7.000 6.000 3.000 2.000 0.000 0.000 0.000 4.000 0.000 549.000 1.000 0.000 7.000 6.000 0.000 1.000 0.000 0.000 0.000 2.000 2.000 4.000 4.000 5.000 6.000 424.000 0.000 3.000 2.000 0.000 63.000 0.000 42.000 41.000 2.000 1.000 0.000
4.000 0.000 11.000 0.000 1.000 11.000 0.000 6.000 10.000 3.000 3.000 1.000 0.000 0.000 1.000 9.000 11.000 0.000 0.000 6.000 10.000 1.000 0.000 0.000 0.000 0.000 0.000 0.000 0.000 1.000 2.000 9.000 84.000 0.000 232.000 3.000 0.000 1.000 0.000 0.000 0.000 2.000 1.000 4.000 0.000 541.000 2.000 1.000 0.000 4.000 1.000 0.000 0.000 0.000 1.000 0.000 3.000 0.000 5.000 5.000 414.000 2.000 1.000 0.000 0.000 33.000 27.000 22.000 21.000 37.000 36.000 19.000
14.000 12.000 1.000 0.000 37.000 22.000 7.000 12.000 0.000 4.000 2.000 1.000 0.000 0.000 0.000 0.000 1.000 0.000 5.000 3.000 4.000 0.000 0.000 0.000 0.000 0.000 2.000 1.000 3.000 4.000 77.000 82.000 0.000 1.000 229.000 0.000 0.000 6.000 0.000 0.000 0.000 0.000 1.000 2.000 5.000 523.000 7.000 6.000 0.000 3.000 2.000 1.000 0.000 0.000 0.000 2.000 2.000 3.000 4.000 5.000 32.000 380.000 7.000 1.000 0.000 30.000 1.000 3.000 0.000 20.000 18.000 15.000
0.000 2.000 1.000 38.000 1.000 0.000 13.000 1.000 0.000 3.000 0.000 4.000 0.000 1.000 0.000 1.000 0.000 2.000 2.000 0.000 2.000 1.000 2.000 0.000 2.000 4.000 5.000 9.000 10.000 71.000 0.000 2.000 0.000 2.000 0.000 224.000 8.000 0.000 4.000 2.000 0.000 0.000 1.000 1.000 0.000 14.000 507.000 0.000 4.000 3.000 2.000 1.000 0.000 0.000 0.000 1.000 1.000 3.000 4.000 0.000 24.000 370.000 0.000 4.000 3.000 0.000 29.000 0.000 1.000 0.000 0.000 17.000
3.000 2.000 39.000 2.000 1.000 0.000 3.000 0.000 4.000 1.000 5.000 0.000 0.000 2.000 1.000 0.000 2.000 1.000 0.000 1.000 0.000 0.000 3.000 7.000 0.000 0.000 0.000 1.000 32.000 26.000 0.000 0.000 1.000 2.000 4.000 214.000 13.000 0.000 1.000 0.000 0.000 0.000 0.000 0.000 3.000 8.000 17.000 487.000 5.000 0.000 0.000 2.000 0.000 1.000 0.000 0.000 0.000 3.000 0.000 5.000 17.000 1.000 367.000 17.000 0.000 1.000 0.000 28.000 27.000 6.000 5.000 4.000
347.000 339.000 7.000 3.000 0.000 4.000 0.000 5.000 2.000 0.000 8.000 0.000 1.000 3.000 2.000 0.000 4.000 0.000 0.000 1.000 0.000 1.000 0.000 0.000 9.000 1.000 3.000 29.000 11.000 0.000 12.000 0.000 1.000 0.000 4.000 189.000 0.000 10.000 7.000 2.000 1.000 0.000 0.000 1.000 3.000 3.000 14.000 1.000 480.000 6.000 4.000 0.000 2.000 0.000 0.000 0.000 2.000 1.000 3.000 13.000 2.000 0.000 347.000 0.000 15.000 14.000 2.000 1.000 0.000 19.000 18.000 0.000
4.000 3.000 290.000 6.000 5.000 1.000 6.000 3.000 0.000 10.000 3.000 2.000 4.000 0.000 3.000 1.000 5.000 0.000 1.000 0.000 2.000 0.000 1.000 3.000 4.000 10.000 24.000 9.000 0.000 0.000 10.000 0.000 1.000 3.000 7.000 0.000 179.000 6.000 0.000 3.000 2.000 0.000 0.000 2.000 2.000 1.000 11.000 0.000 472.000 0.000 0.000 3.000 1.000 1.000 0.000 0.000 0.000 0.000 3.000 8.000 1.000 0.000 346.000 7.000 1.000 0.000 10.000 9.000 2.000 1.000 0.000 16.000
3.000 2.000 1.000 280.000 10.000 7.000 4.000 13.000 11.000 5.000 0.000 5.000 1.000 0.000 4.000 8.000 0.000 0.000 3.000 1.000 3.000 0.000 0.000 1.000 2.000 12.000 6.000 1.000 0.000 7.000 1.000 0.000 0.000 6.000 0.000 1.000 171.000 0.000 4.000 3.000 0.000 0.000 0.000 1.000 0.000 9.000 0.000 13.000 0.000 455.000 0.000 6.000 2.000 1.000 1.000 0.000 0.000 2.000 4.000 2.000 0.000 0.000 40.000 294.000 4.000 2.000 1.000 0.000 5.000 4.000 2.000 1.000
2.000 1.000 0.000 18.000 249.000 231.000 14.000 0.000 6.000 7.000 6.000 2.000 0.000 1.000 5.000 10.000 0.000 1.000 4.000 2.000 4.000 1.000 0.000 2.000 3.000 2.000 2.000 0.000 0.000 4.000 0.000 0.000 5.000 2.000 4.000 6.000 167.000 0.000 1.000 0.000 1.000 0.000 0.000 1.000 7.000 0.000 12.000 0.000 8.000 452.000 433.000 14.000 2.000 2.000 1.000 0.000 0.000 1.000 1.000 1.000 0.000 2.000 24.000 11.000 293.000 0.000 46.000 45.000 44.000 0.000 0.000 17.000
1.000 0.000 12.000 4.000 11.000 4.000 210.000 7.000 9.000 0.000 3.000 1.000 0.000 8.000 11.000 0.000 1.000 2.000 5.000 3.000 7.000 -9999.000 0.000 0.000 1.000 0.000 0.000 0.000 1.000 1.000 1.000 3.000 1.000 0.000 0.000 5.000 158.000 10.000 7.000 2.000 1.000 0.000 0.000 0.000 3.000 9.000 1.000 0.000 5.000 8.000 1.000 408.000 7.000 3.000 0.000 0.000 0.000 0.000 0.000 0.000 0.000 14.000 8.000 0.000 9.000 292.000 2.000 1.000 0.000 42.000 41.000 0.000
0.000 0.000 10.000 3.000 10.000 3.000 1.000 198.000 5.000 4.000 2.000 1.000 9.000 0.000 13.000 0.000 2.000 9.000 0.000 4.000 8.000 -9999.000 -9999.000 -9999.000 -9999.000 -9999.000 -9999.000 -9999.000 0.000 0.000 0.000 0.000 0.000 1.000 4.000 0.000 138.000 1.000 0.000 3.000 2.000 0.000 0.000 2.000 6.000 1.000 0.000 4.000 6.000 0.000 0.000 35.000 371.000 2.000 1.000 7.000 0.000 2.000 0.000 0.000 6.000 6.000 7.000 5.000 2.000 216.000 24.000 23.000 2.000 1.000 0.000 21.000
0.000 3.000 5.000 2.000 9.000 2.000 0.000 0.000 180.000 6.000 2.000 0.000 11.000 14.000 0.000 1.000 3.000 11.000 0.000 16.000 0.000 -9999.000 -9999.000 -9999.000 -9999.000 -9999.000 -9999.000 -9999.000 -9999.000 -9999.000 -9999.000 -9999.000 0.000 1.000 0.000 5.000 116.000 13.000 2.000 1.000 0.000 0.000 0.000 0.000 4.000 0.000 0.000 2.000 5.000 6.000 33.000 0.000 341.000 25.000 24.000 0.000 4.000 0.000 0.000 0.000 3.000 5.000 6.000 4.000 1.000 0.000 214.000 0.000 19.000 18.000 2.000 1.000
