app_data/models/topmodel/test/data/right_hand_fork_ti_trim.txt
ncols 291
nrows 329
xllcorner -1216248.90364074
yllcorner 303574.46866338
cellsize 30.92208078
[rows 64 to 95 of 329, columns 144 to 215 of 291]
6.986 5.314 5.563 4.727 6.157 6.494 4.715 5.464 7.610 7.739 8.180 5.079 5.814 5.211 9.626 9.928 5.625 6.220 7.064 6.758 5.148 6.228 6.692 5.484 11.134 5.403 6.399 7.563 11.941 5.791 9.805 9.456 9.305 8.831 5.419 6.075 5.258 7.891 7.817 6.307 5.536 6.066 5.466 8.929 6.880 6.433 6.493 -9999.000 -9999.000 -9999.000 -9999.000 -9999.000 -9999.000 -9999.000 -9999.000 -9999.000 -9999.000 -9999.000 -9999.000 -9999.000 -9999.000 -9999.000 -9999.000 -9999.000 -9999.000 -9999.000 -9999.000 -9999.000 -9999.000 -9999.000 -9999.000 -9999.000
5.487 5.429 5.472 6.030 6.449 4.838 6.681 7.024 6.959 7.856 5.268 9.224 9.148 9.179 6.619 5.341 5.005 6.693 5.741 5.792 5.069 6.250 5.034 6.831 7.381 10.952 8.245 11.828 6.648 5.738 6.549 7.947 9.210 8.975 8.955 8.686 6.490 6.169 5.433 7.481 7.092 6.769 5.503 7.722 7.822 6.480 4.375 5.386 5.314 -9999.000 -9999.000 -9999.000 -9999.000 -9999.000 -9999.000 -9999.000 -9999.000 -9999.000 -9999.000 -9999.000 -9999.000 -9999.000 -9999.000 -9999.000 -9999.000 -9999.000 -9999.000 -9999.000 -9999.000 -9999.000 -9999.000 -9999.000
4.787 5.567 5.831 6.098 4.947 6.354 6.684 5.145 7.273 4.833 8.424 5.858 4.914 6.076 5.162 5.923 6.833 5.234 5.568 5.204 5.759 5.277 4.919 6.604 6.976 11.154 12.722 6.602 5.296 7.095 6.096 6.021 7.496 7.194 9.174 5.439 8.685 8.518 8.316 8.238 5.239 5.337 6.335 5.014 7.184 6.954 5.913 5.585 4.465 -9999.000 -9999.000 -9999.000 -9999.000 -9999.000 -9999.000 -9999.000 -9999.000 -9999.000 -9999.000 -9999.000 -9999.000 -9999.000 -9999.000 -9999.000 -9999.000 -9999.000 -9999.000 -9999.000 -9999.000 -9999.000 -9999.000 -9999.000
5.278 4.491 6.910 4.927 6.070 5.464 5.067 7.445 5.342 5.743 6.650 5.304 5.722 5.014 5.053 5.989 5.206 5.844 5.379 4.981 5.733 5.137 6.138 5.015 4.950 12.595 6.433 5.206 6.157 6.083 6.157 8.297 5.602 5.658 6.979 8.988 8.886 5.417 5.919 5.205 8.109 7.868 5.103 4.940 7.056 4.650 6.536 6.401 5.407 4.989 -9999.000 -9999.000 -9999.000 -9999.000 -9999.000 -9999.000 -9999.000 -9999.000 -9999.000 -9999.000 -9999.000 -9999.000 -9999.000 -9999.000 -9999.000 -9999.000 -9999.000 -9999.000 -9999.000 -9999.000 -9999.000 -9999.000
4.620 5.736 4.892 7.052 6.494 4.943 6.245 5.575 5.720 6.053 5.839 5.769 5.156 5.406 6.245 5.285 4.942 5.679 6.094 5.507 5.030 6.221 6.592 4.793 11.545 9.096 7.499 6.421 6.233 6.228 8.629 5.631 7.930 7.741 5.565 6.550 6.068 8.749 8.370 8.453 5.881 5.025 7.866 7.503 4.896 6.718 6.301 4.303 5.952 5.596 4.450 -9999.000 -9999.000 -9999.000 -9999.000 -9999.000 -9999.000 -9999.000 -9999.000 -9999.000 -9999.000 -9999.000 -9999.000 -9999.000 -9999.000 -9999.000 -9999.000 -9999.000 -9999.000 -9999.000 -9999.000 -9999.000
4.753 6.507 4.764 5.280 7.512 4.880 6.508 5.777 5.266 5.174 5.385 5.319 4.783 4.498 6.753 5.049 5.444 4.872 5.854 6.118 6.055 5.788 4.859 6.265 13.335 13.434 5.954 6.205 5.592 8.843 7.737 7.298 7.094 5.455 7.315 7.047 6.802 5.237 6.213 5.400 8.201 6.284 5.777 4.846 7.189 6.602 6.379 6.075 5.680 4.041 5.467 5.222 -9999.000 -9999.000 -9999.000 -9999.000 -9999.000 -9999.000 -9999.000 -9999.000 -9999.000 -9999.000 -9999.000 -9999.000 -9999.000 -9999.000 -9999.000 -9999.000 -9999.000 -9999.000 -9999.000 -9999.000
5.595 5.295 6.442 6.879 7.639 4.761 6.715 5.929 5.543 5.480 4.799 5.437 5.161 5.933 4.949 6.664 5.426 5.958 6.436 6.134 7.017 4.900 5.704 12.806 9.064 8.039 13.647 11.995 8.598 8.169 6.866 5.987 5.404 6.842 5.803 5.157 5.483 6.225 5.271 6.211 5.339 8.024 7.594 6.990 6.576 6.168 4.235 5.869 5.570 5.695 5.514 4.602 5.521 -9999.000 -9999.000 -9999.000 -9999.000 -9999.000 -9999.000 -9999.000 -9999.000 -9999.000 -9999.000 -9999.000 -9999.000 -9999.000 -9999.000 -9999.000 -9999.000 -9999.000 -9999.000 -9999.000
5.831 4.949 5.226 5.863 7.577 7.713 6.956 6.435 4.916 5.715 5.965 5.660 4.478 6.241 4.673 6.790 4.789 6.039 5.020 6.595 7.928 4.878 12.730 9.756 8.465 8.434 8.357 13.332 12.271 12.139 6.935 5.904 5.394 5.976 5.776 4.949 5.802 5.080 5.542 6.903 6.456 5.749 4.791 6.271 5.633 4.126 5.785 5.315 4.119 5.470 4.282 5.908 5.400 -9999.000 -9999.000 -9999.000 -9999.000 -9999.000 -9999.000 -9999.000 -9999.000 -9999.000 -9999.000 -9999.000 -9999.000 -9999.000 -9999.000 -9999.000 -9999.000 -9999.000 -9999.000 -9999.000
4.847 4.943 5.790 4.968 4.750 7.469 8.503 5.075 4.873 6.283 6.293 4.584 6.072 5.519 6.654 4.738 7.141 5.673 6.333 5.584 6.014 7.924 13.838 6.405 5.571 6.611 8.689 8.266 13.214 10.123 12.093 11.548 7.024 6.735 11.396 6.410 4.853 4.869 6.713 5.978 5.127 7.157 6.898 6.534 4.230 4.723 3.974 4.176 5.302 4.268 5.142 4.831 5.688 -9999.000 -9999.000 -9999.000 -9999.000 -9999.000 -9999.000 -9999.000 -9999.000 -9999.000 -9999.000 -9999.000 -9999.000 -9999.000 -9999.000 -9999.000 -9999.000 -9999.000 -9999.000 -9999.000
4.829 5.058 4.941 6.197 5.322 4.744 9.265 5.006 4.772 5.491 6.506 6.567 6.464 4.986 6.177 7.308 7.307 4.872 5.987 6.780 4.893 6.689 14.376 8.141 7.230 7.185 6.004 8.413 7.699 13.100 10.249 5.897 11.780 11.522 5.473 11.304 11.227 11.129 11.051 5.236 10.854 5.930 5.273 4.401 6.054 5.598 5.300 5.012 4.274 4.468 5.187 4.816 6.038 5.647 -9999.000 -9999.000 -9999.000 -9999.000 -9999.000 -9999.000 -9999.000 -9999.000 -9999.000 -9999.000 -9999.000 -9999.000 -9999.000 -9999.000 -9999.000 -9999.000 -9999.000 -9999.000
4.843 5.121 5.530 5.271 6.239 5.899 5.144 8.951 5.919 4.788 5.750 7.528 6.971 4.997 4.803 4.713 8.113 4.815 6.483 5.067 6.657 13.532 7.288 6.738 7.538 5.711 6.962 8.131 7.299 6.079 13.213 9.955 9.494 5.324 5.205 6.190 5.094 6.776 5.199 10.892 5.296 10.617 10.422 10.409 4.907 4.058 4.371 4.934 4.259 5.325 4.280 6.487 6.052 6.167 5.643 6.034 -9999.000 -9999.000 -9999.000 -9999.000 -9999.000 -9999.000 -9999.000 -9999.000 -9999.000 -9999.000 -9999.000 -9999.000 -9999.000 -9999.000 -9999.000 -9999.000
4.926 5.588 4.583 5.681 5.924 7.471 5.749 8.907 4.989 6.322 6.625 8.119 5.283 7.012 5.524 5.405 4.794 8.132 7.047 5.082 13.164 6.407 7.620 5.665 6.733 7.851 6.590 5.919 8.116 7.166 13.312 6.690 5.451 9.226 8.926 8.973 5.698 5.007 6.187 6.650 6.299 4.560 5.111 6.691 10.312 5.928 5.714 4.253 5.727 7.908 6.268 4.418 7.924 8.469 8.403 8.083 8.544 -9999.000 -9999.000 -9999.000 -9999.000 -9999.000 -9999.000 -9999.000 -9999.000 -9999.000 -9999.000 -9999.000 -9999.000 -9999.000 -9999.000 -9999.000
4.887 4.868 6.282 4.729 6.391 5.295 7.618 8.989 5.726 5.068 5.198 7.446 8.093 4.905 6.862 5.847 5.784 8.419 5.462 13.704 8.683 7.088 6.522 7.373 5.632 7.054 7.836 5.975 7.949 6.043 6.378 13.385 6.686 5.704 4.843 5.053 8.860 5.268 5.678 4.560 4.592 6.101 5.623 4.641 6.480 10.309 10.299 10.478 8.182 4.179 7.660 7.654 5.601 5.461 5.506 5.716 5.443 8.433 -9999.000 -9999.000 -9999.000 -9999.000 -9999.000 -9999.000 -9999.000 -9999.000 -9999.000 -9999.000 -9999.000 -9999.000 -9999.000 -9999.000
5.747 5.305 5.192 6.945 7.772 5.151 5.489 9.128 6.125 5.813 5.429 5.287 7.291 7.933 5.526 6.957 6.165 9.015 14.047 10.550 6.116 4.988 5.004 6.733 8.210 6.722 5.817 7.460 7.266 6.828 6.441 13.545 9.448 8.717 5.973 5.643 5.001 9.154 7.703 7.465 6.960 6.751 4.520 5.088 5.274 5.084 3.979 4.877 10.138 5.593 5.175 4.263 5.141 4.612 5.070 5.382 5.665 7.195 7.706 -9999.000 -9999.000 -9999.000 -9999.000 -9999.000 -9999.000 -9999.000 -9999.000 -9999.000 -9999.000 -9999.000 -9999.000 -9999.000
5.790 5.503 5.633 5.071 5.755 7.675 5.512 5.992 9.413 6.422 5.641 6.007 5.958 7.447 7.955 5.847 7.315 6.089 14.610 5.820 8.312 7.974 7.182 5.527 6.931 7.713 5.708 7.185 6.933 6.007 9.537 13.460 6.054 4.847 8.702 8.546 5.049 8.455 8.053 4.657 5.807 4.341 6.538 6.234 4.095 4.734 4.793 4.115 4.392 10.175 4.034 4.403 5.128 4.652 5.327 5.942 5.767 6.458 5.489 7.649 -9999.000 -9999.000 -9999.000 -9999.000 -9999.000 -9999.000 -9999.000 -9999.000 -9999.000 -9999.000 -9999.000 -9999.000
6.252 5.667 6.039 6.457 6.518 7.197 8.297 6.075 9.580 6.865 5.383 5.131 4.811 5.478 7.627 8.135 13.521 14.236 8.342 6.984 6.364 5.549 7.426 7.263 6.238 5.495 7.452 6.862 6.686 6.094 9.283 12.981 9.619 7.779 7.646 7.650 8.812 8.518 4.675 7.837 4.470 5.018 4.316 4.326 5.852 5.588 4.329 4.475 4.477 11.172 4.210 5.652 4.358 5.451 5.612 6.358 5.337 5.443 5.712 6.234 6.744 -9999.000 -9999.000 -9999.000 -9999.000 -9999.000 -9999.000 -9999.000 -9999.000 -9999.000 -9999.000 -9999.000
5.036 5.457 6.349 5.963 4.991 5.413 5.270 8.070 8.808 10.548 5.300 4.933 5.458 4.678 4.611 13.188 8.087 7.370 5.351 7.376 7.046 5.929 5.065 7.630 6.900 5.458 7.184 6.324 5.817 9.091 6.860 12.916 9.215 7.372 7.317 4.961 7.617 7.329 8.240 8.165 7.861 7.534 5.479 4.945 4.102 4.324 5.391 4.789 4.709 7.978 10.229 5.693 5.486 5.763 6.042 4.884 5.700 5.209 5.919 5.803 5.503 6.477 -9999.000 -9999.000 -9999.000 -9999.000 -9999.000 -9999.000 -9999.000 -9999.000 -9999.000 -9999.000
5.618 5.797 5.460 7.508 5.689 5.053 4.533 5.304 4.810 10.257 5.372 4.879 5.476 5.656 12.676 9.733 8.658 8.526 6.696 6.197 4.766 6.895 5.803 7.267 5.199 6.732 6.792 5.601 5.768 8.951 6.035 12.592 5.994 7.977 8.209 7.562 7.224 4.700 7.121 7.000 8.218 4.442 7.342 7.076 5.363 5.016 4.279 5.247 5.187 6.710 7.042 10.198 7.427 7.097 6.301 5.847 4.871 5.639 6.255 5.355 5.967 5.540 6.416 -9999.000 -9999.000 -9999.000 -9999.000 -9999.000 -9999.000 -9999.000 -9999.000 -9999.000
6.048 5.658 6.240 5.920 5.590 4.884 4.563 4.691 4.678 5.718 9.983 5.903 4.634 5.721 13.838 8.572 8.284 5.054 7.911 7.493 5.693 4.784 6.961 5.010 7.117 6.336 6.367 5.356 7.100 8.568 12.728 8.720 4.657 5.137 4.764 8.097 5.737 7.162 5.637 4.416 6.686 8.076 7.461 6.908 7.163 6.933 4.344 5.271 5.923 5.821 6.227 6.220 10.476 10.392 5.079 6.543 6.085 6.672 5.155 6.704 5.719 5.568 6.936 6.565 -9999.000 -9999.000 -9999.000 -9999.000 -9999.000 -9999.000 -9999.000 -9999.000
7.602 6.708 5.109 5.556 4.930 5.193 5.177 5.234 6.091 4.932 5.787 9.415 5.975 13.024 7.530 6.602 4.937 7.843 5.676 5.207 7.404 5.063 6.650 4.991 6.867 5.702 5.733 5.039 5.831 8.141 12.425 4.948 7.734 7.484 4.875 7.890 4.643 5.255 6.668 4.947 4.280 6.579 6.055 6.492 7.176 6.992 6.970 5.431 4.926 5.372 5.999 5.760 7.796 5.106 10.816 7.339 7.019 5.048 6.948 6.730 5.059 6.559 5.801 9.063 8.694 9.103 -9999.000 -9999.000 -9999.000 -9999.000 -9999.000 -9999.000
6.466 6.278 5.374 5.167 5.251 5.064 5.478 5.599 4.735 6.176 5.137 5.992 9.996 14.603 7.112 6.672 6.112 5.645 7.641 5.178 4.875 7.875 6.029 4.992 6.549 4.933 5.107 5.049 7.585 5.578 12.261 6.572 6.207 4.712 7.568 7.136 7.803 6.803 4.418 6.106 4.320 5.442 5.734 6.098 6.412 4.251 6.966 6.745 4.878 4.874 5.851 5.348 7.767 5.173 5.922 10.628 10.626 7.995 7.083 4.832 6.586 8.436 8.578 6.389 5.593 5.708 8.145 8.449 -9999.000 -9999.000 -9999.000 -9999.000
5.419 7.012 6.550 4.986 5.127 5.485 5.537 6.653 4.644 5.113 6.419 6.164 15.503 8.189 7.770 4.725 6.111 5.623 5.257 7.697 5.142 7.120 6.749 5.754 4.983 6.192 5.154 7.383 4.962 12.101 7.894 6.264 6.329 6.347 5.688 4.453 6.756 6.847 6.346 6.224 5.950 5.501 4.767 5.474 5.761 5.988 4.494 7.347 6.700 5.971 5.601 4.747 4.773 7.759 4.904 6.749 6.742 10.343 10.145 8.174 8.215 8.592 8.835 8.554 7.523 7.272 6.806 5.112 7.563 -9999.000 -9999.000 -9999.000
5.844 6.750 5.411 5.233 5.102 5.539 6.962 4.929 6.655 5.274 6.097 13.971 5.614 7.178 6.848 7.410 7.178 4.522 5.223 4.929 8.291 6.790 4.974 6.555 5.033 6.032 5.238 7.112 5.584 11.690 7.029 6.305 6.259 6.279 5.862 4.926 6.333 4.907 6.745 4.512 5.903 5.037 5.106 4.037 5.175 5.598 6.030 6.330 6.398 5.822 5.407 4.909 5.002 7.188 5.644 6.231 6.094 6.104 4.908 10.234 9.164 8.791 8.575 8.416 8.287 7.823 4.920 6.199 5.885 7.054 -9999.000 -9999.000
6.418 6.196 4.699 5.484 5.606 5.674 7.644 4.833 5.213 7.036 13.592 7.232 5.821 4.972 4.814 6.223 4.464 7.241 7.252 5.070 7.870 4.856 6.514 6.021 5.056 5.329 7.196 5.248 6.891 11.830 6.757 5.775 6.198 5.886 5.662 5.310 4.322 6.084 4.372 6.687 4.554 4.630 4.697 4.858 5.033 4.513 5.221 5.498 5.912 6.176 5.232 4.845 7.247 4.673 5.240 5.969 5.725 5.524 5.161 9.338 6.000 5.140 7.190 5.128 8.347 5.103 7.224 7.107 5.985 5.526 7.088 -9999.000
6.178 5.942 5.156 5.580 6.554 7.140 5.031 7.329 5.324 7.745 14.183 8.112 7.728 7.370 6.990 4.449 5.902 5.512 4.671 7.494 5.906 7.473 6.001 4.986 5.848 5.406 6.785 5.841 6.316 12.370 5.050 6.320 5.108 5.747 5.322 5.424 4.901 5.712 4.315 5.622 5.046 4.151 4.194 4.576 4.854 5.215 4.848 4.632 4.723 5.704 6.129 4.961 6.666 5.272 4.667 5.830 5.429 4.865 8.294 4.954 8.777 5.793 6.208 6.518 5.194 7.927 6.528 5.823 7.204 5.522 5.129 6.918
6.489 5.860 6.236 6.557 4.544 5.530 7.312 5.201 7.666 14.720 8.540 8.194 5.102 5.477 4.548 6.715 6.451 6.237 4.703 6.865 6.227 5.572 7.543 5.677 5.177 6.727 5.215 5.729 6.892 12.327 7.361 5.012 6.076 4.315 5.277 4.857 4.705 4.306 5.770 5.177 4.318 5.102 4.676 5.033 5.658 5.163 5.041 4.976 4.965 4.904 5.161 6.214 4.858 6.383 4.814 5.510 4.884 4.940 8.083 4.959 7.949 8.353 5.176 5.812 6.235 6.119 6.495 5.860 5.480 7.191 5.228 6.101
6.432 4.590 5.158 4.577 6.826 7.072 5.610 7.181 14.000 9.272 8.597 5.076 8.399 7.847 5.741 5.113 4.297 4.624 6.249 5.888 6.900 6.029 4.989 7.538 5.389 6.352 5.057 6.533 5.608 11.946 6.903 5.337 4.444 5.570 4.884 4.871 4.213 4.582 5.056 4.407 5.578 4.962 4.999 6.090 4.678 6.282 5.550 5.710 4.676 4.975 5.105 5.223 5.197 5.866 5.969 5.276 5.165 7.497 6.662 6.390 7.080 7.440 8.304 5.141 4.951 5.285 5.833 6.631 5.485 5.113 7.154 6.054
4.885 6.230 6.257 6.730 7.034 4.513 6.904 7.825 13.932 5.502 6.532 9.109 6.534 5.853 7.551 7.178 5.497 5.287 4.551 4.827 5.610 6.828 5.688 5.125 7.599 5.790 6.291 4.743 6.777 11.632 6.377 4.272 5.031 4.258 4.521 4.516 4.507 5.361 4.704 4.928 5.119 5.018 7.697 6.921 6.453 4.867 6.377 5.731 5.252 5.590 4.666 5.541 6.116 5.399 5.686 6.055 5.645 7.250 6.395 6.156 6.924 7.232 7.820 7.486 6.762 6.424 4.855 5.495 6.622 5.250 5.639 5.611
6.101 6.237 4.415 5.316 5.710 7.015 7.349 14.147 9.859 9.454 5.138 6.722 8.523 8.368 5.305 4.381 7.083 6.999 5.724 5.496 4.868 5.045 6.602 5.333 7.368 4.880 5.897 4.581 6.222 11.461 5.090 5.492 5.048 4.595 4.715 4.493 5.678 4.420 4.702 5.406 4.802 7.647 4.916 7.750 7.580 7.681 7.219 6.472 6.247 6.439 5.269 6.045 5.076 6.683 6.531 6.101 7.865 5.355 6.206 5.823 6.872 7.361 5.569 7.592 6.025 4.689 6.470 4.908 5.223 6.549 4.975 5.190
5.384 5.526 6.518 4.628 4.462 5.093 5.959 15.599 4.688 6.321 10.047 5.221 6.074 4.893 8.050 5.618 5.252 4.569 6.819 6.593 6.151 6.045 5.130 6.731 6.933 4.777 5.348 6.057 4.277 4.477 13.179 5.228 4.466 5.170 4.512 6.356 4.207 5.099 5.565 4.585 7.689 7.789 7.682 5.515 4.909 5.171 5.689 5.006 6.998 4.601 6.199 7.858 6.939 5.776 5.259 5.810 6.265 6.551 6.208 5.506 6.855 6.227 6.861 6.503 4.761 5.559 5.004 6.258 5.892 5.323 5.293 5.556
5.918 4.215 5.095 7.059 7.017 4.463 5.084 13.627 5.105 4.674 6.567 9.720 9.511 5.574 4.582 8.003 7.893 7.842 7.854 4.670 5.425 4.869 5.205 6.113 6.167 5.312 4.503 5.805 4.122 5.645 11.415 11.702 11.469 11.320 11.339 11.157 5.565 5.910 7.601 7.657 7.828 4.495 4.611 5.883 5.495 5.980 4.939 8.975 8.433 4.691 7.795 4.744 7.365 7.240 7.148 7.239 6.874 5.835 6.721 6.069 7.011 5.739 6.477 5.056 6.366 5.899 5.248 5.006 5.040 5.708 6.079 5.127
5.402 6.219 6.715 4.400 5.031 7.317 13.957 6.345 5.667 4.683 6.136 8.258 5.039 9.208 7.956 7.869 4.648 5.336 4.612 7.819 7.711 7.894 6.644 6.167 5.318 5.504 4.414 5.493 4.042 4.548 5.964 8.897 9.029 4.950 5.862 4.984 11.765 7.999 4.745 8.087 6.980 6.332 5.824 9.212 9.359 9.171 9.173 8.005 4.912 8.434 7.209 7.068 7.110 4.961 5.931 5.331 5.729 7.196 6.346 6.431 6.472 6.418 5.880 5.716 5.582 5.346 5.888 5.437 4.770 6.246 5.142 5.664
