app_data/models/topmodel/test/data/right_hand_fork_ti_trim.txt
ncols 291
nrows 329
xllcorner -1216248.90364074
yllcorner 303574.46866338
cellsize 30.92208078
[rows 192 to 223 of 329, columns 216 to 287 of 291]
4.359 5.368 6.514 4.760 7.095 7.843 7.705 6.472 6.135 5.893 6.369 5.933 5.572 5.091 5.023 5.530 4.548 7.964 6.591 5.755 11.102 8.325 7.131 4.425 4.555 6.970 6.883 6.548 7.200 6.188 5.943 4.555 5.438 6.255 5.021 5.358 6.172 5.886 5.026 7.220 5.690 9.415 5.254 8.301 8.164 8.181 8.043 8.148 7.055 5.718 5.904 5.186 6.453 5.974 5.742 7.125 -9999.000 -9999.000 -9999.000 -9999.000 -9999.000 -9999.000 -9999.000 -9999.000 -9999.000 -9999.000 -9999.000 -9999.000 -9999.000 -9999.000 -9999.000 -9999.000
4.523 4.380 4.613 6.573 4.413 6.572 5.332 7.129 6.894 4.408 5.794 5.318 4.624 5.789 5.054 5.381 7.811 6.684 6.472 5.133 6.629 10.973 7.578 6.873 6.787 7.167 4.954 7.334 4.488 4.449 6.100 5.720 6.258 4.657 5.484 5.973 5.352 5.174 6.211 6.183 5.046 4.535 9.563 4.721 4.508 7.417 5.714 5.142 4.264 7.181 7.486 6.408 5.606 4.846 6.110 -9999.000 -9999.000 -9999.000 -9999.000 -9999.000 -9999.000 -9999.000 -9999.000 -9999.000 -9999.000 -9999.000 -9999.000 -9999.000 -9999.000 -9999.000 -9999.000 -9999.000
5.465 4.676 4.899 5.181 4.914 4.813 5.582 4.859 4.257 7.044 5.790 4.285 5.439 5.061 5.158 4.770 7.640 6.517 6.550 4.569 6.412 4.744 10.979 10.540 7.226 4.783 7.645 7.043 6.564 6.198 4.509 6.462 6.181 5.737 6.098 4.531 5.133 5.033 5.335 5.801 4.490 4.728 7.342 9.498 8.369 4.447 7.454 7.037 5.045 4.836 5.181 7.126 6.445 4.943 6.333 -9999.000 -9999.000 -9999.000 -9999.000 -9999.000 -9999.000 -9999.000 -9999.000 -9999.000 -9999.000 -9999.000 -9999.000 -9999.000 -9999.000 -9999.000 -9999.000 -9999.000
4.464 4.436 5.197 4.702 4.503 4.461 4.481 5.462 4.534 6.300 5.801 5.568 5.555 5.360 5.146 7.407 6.863 6.529 6.535 4.649 6.069 4.781 8.112 7.296 10.695 10.584 7.812 5.506 4.683 6.721 6.406 6.245 7.253 7.369 6.531 5.580 5.519 4.817 4.758 5.229 4.782 7.027 6.416 7.577 7.928 7.643 7.351 4.440 7.007 7.132 7.008 6.899 4.949 6.284 6.064 -9999.000 -9999.000 -9999.000 -9999.000 -9999.000 -9999.000 -9999.000 -9999.000 -9999.000 -9999.000 -9999.000 -9999.000 -9999.000 -9999.000 -9999.000 -9999.000 -9999.000
4.895 5.553 4.299 4.497 4.496 4.609 5.206 4.671 5.311 4.367 4.506 6.047 5.670 5.652 5.230 7.064 6.607 6.439 6.396 5.373 4.617 7.525 6.757 6.815 6.603 8.025 10.484 7.781 7.308 4.766 7.880 7.250 4.453 5.100 4.260 6.168 6.003 5.434 4.752 4.812 5.080 6.685 6.207 7.692 7.971 5.276 6.225 7.282 7.091 4.756 5.678 5.004 6.517 6.549 6.424 -9999.000 -9999.000 -9999.000 -9999.000 -9999.000 -9999.000 -9999.000 -9999.000 -9999.000 -9999.000 -9999.000 -9999.000 -9999.000 -9999.000 -9999.000 -9999.000 -9999.000
5.628 3.980 4.929 5.596 5.016 5.701 4.275 5.765 5.267 4.577 5.346 4.716 4.984 5.374 6.276 6.359 6.392 6.160 6.090 4.736 4.687 7.326 6.394 6.546 6.276 7.711 4.844 10.582 10.507 10.408 5.406 4.398 5.515 5.805 5.335 5.209 4.690 4.708 5.588 4.899 6.808 4.985 5.961 7.627 5.456 8.005 5.004 6.001 5.563 7.283 7.262 6.870 6.852 5.771 7.146 -9999.000 -9999.000 -9999.000 -9999.000 -9999.000 -9999.000 -9999.000 -9999.000 -9999.000 -9999.000 -9999.000 -9999.000 -9999.000 -9999.000 -9999.000 -9999.000 -9999.000
5.641 5.126 5.941 4.114 5.935 5.833 5.523 4.334 4.553 5.660 5.116 4.597 5.397 5.117 5.617 5.772 6.014 5.703 5.655 4.562 6.723 6.333 6.165 6.299 5.888 7.607 4.943 6.956 4.839 7.221 9.984 7.120 6.230 4.115 4.267 4.401 4.692 6.114 4.408 4.748 5.126 5.691 5.534 5.873 7.063 4.837 8.231 6.584 4.640 5.645 4.920 6.503 6.095 7.309 8.208 -9999.000 -9999.000 -9999.000 -9999.000 -9999.000 -9999.000 -9999.000 -9999.000 -9999.000 -9999.000 -9999.000 -9999.000 -9999.000 -9999.000 -9999.000 -9999.000 -9999.000
4.189 6.215 6.109 5.945 5.934 4.101 5.510 4.900 5.784 6.816 6.494 6.633 6.026 4.677 4.812 5.177 5.521 5.089 5.071 4.283 5.938 5.879 5.896 6.121 5.536 4.517 7.564 4.646 6.389 6.595 9.589 7.223 6.603 4.198 5.597 5.018 6.164 5.680 5.456 5.194 4.998 5.203 4.952 5.422 6.861 4.903 7.074 6.518 6.599 6.425 6.007 5.699 -9999.000 6.267 7.450 -9999.000 -9999.000 -9999.000 -9999.000 -9999.000 -9999.000 -9999.000 -9999.000 -9999.000 -9999.000 -9999.000 -9999.000 -9999.000 -9999.000 -9999.000 -9999.000 -9999.000
6.571 6.405 4.154 6.244 6.261 5.827 4.059 7.739 7.739 6.686 5.373 5.095 4.311 5.533 5.157 4.443 5.103 4.403 4.544 4.469 5.513 5.581 5.628 5.903 5.154 4.413 7.080 4.485 6.153 6.338 5.964 9.568 5.327 6.332 4.305 6.339 7.199 5.377 4.923 4.336 4.887 6.545 5.087 4.971 6.863 5.123 6.485 5.794 6.558 6.137 4.837 5.338 -9999.000 -9999.000 -9999.000 -9999.000 -9999.000 -9999.000 -9999.000 -9999.000 -9999.000 -9999.000 -9999.000 -9999.000 -9999.000 -9999.000 -9999.000 -9999.000 -9999.000 -9999.000 -9999.000 -9999.000
12.743 6.534 6.323 8.262 8.021 7.879 7.754 6.399 6.216 4.123 6.403 6.310 5.732 5.408 4.529 5.152 5.899 6.934 7.521 5.322 4.736 5.338 5.295 5.667 4.725 4.810 6.745 5.971 6.018 6.248 5.705 4.717 9.841 9.649 8.118 7.432 4.131 6.816 6.592 5.089 6.571 4.669 6.133 5.728 5.311 6.694 5.280 5.261 5.422 5.145 6.055 5.162 -9999.000 -9999.000 -9999.000 -9999.000 -9999.000 -9999.000 -9999.000 -9999.000 -9999.000 -9999.000 -9999.000 -9999.000 -9999.000 -9999.000 -9999.000 -9999.000 -9999.000 -9999.000 -9999.000 -9999.000
12.779 9.032 8.639 7.029 6.755 6.600 4.024 4.753 4.065 6.104 5.990 4.529 5.088 4.390 4.827 4.633 4.416 5.123 5.466 5.624 7.648 5.809 5.162 5.001 5.093 6.861 4.833 5.783 5.755 6.020 5.436 4.874 7.246 6.324 9.099 8.422 5.359 4.909 4.217 6.656 6.866 4.516 6.745 4.972 5.294 5.527 5.277 4.924 5.350 5.830 -9999.000 6.307 -9999.000 -9999.000 -9999.000 -9999.000 -9999.000 -9999.000 -9999.000 -9999.000 -9999.000 -9999.000 -9999.000 -9999.000 -9999.000 -9999.000 -9999.000 -9999.000 -9999.000 -9999.000 -9999.000 -9999.000
7.239 12.358 6.499 4.136 4.600 3.886 6.687 6.465 5.271 5.039 4.417 5.825 5.221 4.655 4.624 5.051 4.914 5.872 4.342 5.159 5.309 4.937 5.968 5.855 5.767 5.775 5.522 5.458 5.413 5.742 4.705 6.741 6.044 5.900 6.999 6.120 8.286 7.704 4.293 7.790 4.484 6.631 4.618 6.616 6.295 5.564 5.199 5.718 -9999.000 -9999.000 -9999.000 -9999.000 -9999.000 -9999.000 -9999.000 -9999.000 -9999.000 -9999.000 -9999.000 -9999.000 -9999.000 -9999.000 -9999.000 -9999.000 -9999.000 -9999.000 -9999.000 -9999.000 -9999.000 -9999.000 -9999.000 -9999.000
6.850 5.920 12.166 6.079 5.443 3.952 4.817 4.014 6.168 6.078 5.624 5.438 4.814 4.716 5.047 5.321 5.430 6.296 4.282 5.973 5.149 5.544 4.618 4.992 5.368 5.822 5.392 5.083 4.880 5.528 4.802 6.180 5.504 5.528 6.717 5.009 5.941 7.216 7.770 4.465 7.103 6.883 5.743 5.563 4.739 5.033 5.786 -9999.000 -9999.000 -9999.000 -9999.000 -9999.000 -9999.000 -9999.000 -9999.000 -9999.000 -9999.000 -9999.000 -9999.000 -9999.000 -9999.000 -9999.000 -9999.000 -9999.000 -9999.000 -9999.000 -9999.000 -9999.000 -9999.000 -9999.000 -9999.000 -9999.000
6.717 5.530 5.089 11.849 3.995 5.190 5.585 5.101 4.823 4.267 5.390 4.851 4.882 4.564 5.773 5.774 6.868 4.471 6.389 5.502 5.875 5.804 5.143 5.761 4.974 5.185 5.054 4.990 5.083 5.323 6.096 4.614 5.218 5.222 5.221 6.465 4.677 6.187 7.162 7.061 5.147 4.401 6.825 6.678 5.951 5.836 5.801 -9999.000 -9999.000 -9999.000 -9999.000 -9999.000 -9999.000 -9999.000 -9999.000 -9999.000 -9999.000 -9999.000 -9999.000 -9999.000 -9999.000 -9999.000 -9999.000 -9999.000 -9999.000 -9999.000 -9999.000 -9999.000 -9999.000 -9999.000 -9999.000 -9999.000
6.127 5.233 4.198 12.571 6.439 5.959 3.911 4.109 4.813 4.183 4.565 5.019 5.438 4.449 6.252 6.331 7.275 4.564 6.853 5.976 6.256 4.526 5.704 4.372 4.679 5.808 5.371 5.146 4.530 5.323 5.192 5.221 5.475 5.242 4.960 4.855 6.559 5.444 5.682 4.597 6.605 5.698 5.427 4.736 6.271 6.039 5.963 -9999.000 -9999.000 -9999.000 -9999.000 -9999.000 -9999.000 -9999.000 -9999.000 -9999.000 -9999.000 -9999.000 -9999.000 -9999.000 -9999.000 -9999.000 -9999.000 -9999.000 -9999.000 -9999.000 -9999.000 -9999.000 -9999.000 -9999.000 -9999.000 -9999.000
6.076 4.960 4.126 12.116 5.713 4.651 3.974 5.555 4.177 5.254 4.438 5.406 4.477 5.732 6.325 7.445 4.623 5.332 7.320 6.242 4.348 4.524 6.292 4.320 5.941 4.367 5.568 6.128 4.970 4.638 5.302 5.354 5.245 5.207 5.081 5.067 4.976 4.714 4.805 5.385 4.623 6.493 6.076 4.901 5.358 5.504 -9999.000 -9999.000 -9999.000 -9999.000 -9999.000 -9999.000 -9999.000 -9999.000 -9999.000 -9999.000 -9999.000 -9999.000 -9999.000 -9999.000 -9999.000 -9999.000 -9999.000 -9999.000 -9999.000 -9999.000 -9999.000 -9999.000 -9999.000 -9999.000 -9999.000 -9999.000
5.948 4.439 4.068 6.658 12.281 4.152 5.661 4.074 5.377 4.026 4.427 5.551 4.435 6.180 6.599 7.549 4.467 7.399 6.500 5.708 5.044 6.396 4.373 4.498 6.259 4.269 6.549 4.232 5.769 5.220 4.539 5.562 5.224 5.297 5.577 4.603 4.938 4.884 5.015 5.486 4.830 5.531 4.780 5.789 6.403 5.987 -9999.000 -9999.000 -9999.000 -9999.000 -9999.000 -9999.000 -9999.000 -9999.000 -9999.000 -9999.000 -9999.000 -9999.000 -9999.000 -9999.000 -9999.000 -9999.000 -9999.000 -9999.000 -9999.000 -9999.000 -9999.000 -9999.000 -9999.000 -9999.000 -9999.000 -9999.000
5.023 4.178 5.128 5.851 8.608 12.117 11.819 4.206 5.891 3.956 4.838 5.630 5.079 4.363 8.150 4.511 5.241 7.873 5.951 4.320 4.447 6.721 4.394 6.636 4.453 6.945 6.124 5.712 4.383 4.577 5.104 6.208 4.421 6.257 5.457 5.180 5.205 5.174 5.665 4.608 5.713 5.293 4.860 6.675 5.318 6.228 -9999.000 -9999.000 -9999.000 -9999.000 -9999.000 -9999.000 -9999.000 -9999.000 -9999.000 -9999.000 -9999.000 -9999.000 -9999.000 -9999.000 -9999.000 -9999.000 -9999.000 -9999.000 -9999.000 -9999.000 -9999.000 -9999.000 -9999.000 -9999.000 -9999.000 -9999.000
4.335 4.040 5.460 5.607 7.888 5.875 5.855 12.384 4.279 4.038 5.939 4.060 5.255 4.374 8.389 4.594 8.256 4.947 6.731 5.023 6.716 4.333 4.636 7.012 7.214 6.613 4.212 5.318 4.369 5.119 5.560 6.602 6.447 5.930 4.303 5.674 4.494 6.125 4.989 5.739 5.355 4.413 6.533 4.837 5.837 6.328 6.227 -9999.000 -9999.000 -9999.000 -9999.000 -9999.000 -9999.000 -9999.000 -9999.000 -9999.000 -9999.000 -9999.000 -9999.000 -9999.000 -9999.000 -9999.000 -9999.000 -9999.000 -9999.000 -9999.000 -9999.000 -9999.000 -9999.000 -9999.000 -9999.000 -9999.000
4.378 5.202 5.354 7.873 5.550 5.511 4.904 4.664 13.633 6.939 6.525 5.057 5.830 8.602 5.241 11.876 12.167 11.985 11.898 7.519 5.330 4.260 7.234 7.336 6.984 6.036 5.572 4.318 4.490 5.481 5.871 6.771 7.131 4.246 5.588 4.474 5.209 6.583 5.917 5.665 6.346 6.317 6.156 5.747 5.943 5.100 5.911 6.762 -9999.000 -9999.000 -9999.000 -9999.000 -9999.000 -9999.000 -9999.000 -9999.000 -9999.000 -9999.000 -9999.000 -9999.000 -9999.000 -9999.000 -9999.000 -9999.000 -9999.000 -9999.000 -9999.000 -9999.000 -9999.000 -9999.000 -9999.000 -9999.000
4.554 4.929 4.457 7.799 5.228 5.242 4.271 4.431 8.618 12.001 12.478 13.626 12.785 11.644 11.315 4.505 6.212 5.069 5.290 11.739 7.551 7.108 7.425 7.060 6.560 4.622 4.896 4.227 5.081 6.433 6.683 7.076 4.509 6.464 5.024 4.433 6.913 6.182 6.005 6.583 4.180 6.143 4.447 6.038 6.137 5.646 6.605 7.167 -9999.000 -9999.000 -9999.000 -9999.000 -9999.000 -9999.000 -9999.000 -9999.000 -9999.000 -9999.000 -9999.000 -9999.000 -9999.000 -9999.000 -9999.000 -9999.000 -9999.000 -9999.000 -9999.000 -9999.000 -9999.000 -9999.000 -9999.000 -9999.000
4.772 4.488 8.129 4.297 4.868 4.865 4.093 8.166 4.223 4.755 4.293 4.837 11.474 4.467 5.223 3.989 5.620 4.024 4.113 4.963 11.615 11.399 7.963 6.661 4.572 4.736 6.047 4.461 5.609 6.727 7.709 5.116 6.508 4.314 4.435 5.123 7.684 6.328 7.413 6.277 6.247 7.701 6.918 6.437 4.802 6.702 5.821 6.251 -9999.000 -9999.000 -9999.000 -9999.000 -9999.000 -9999.000 -9999.000 -9999.000 -9999.000 -9999.000 -9999.000 -9999.000 -9999.000 -9999.000 -9999.000 -9999.000 -9999.000 -9999.000 -9999.000 -9999.000 -9999.000 -9999.000 -9999.000 -9999.000
5.474 7.693 6.633 5.363 4.352 4.527 4.185 8.069 4.777 4.209 4.187 11.459 4.585 6.285 5.068 4.695 4.085 5.374 4.401 4.291 8.054 6.975 11.529 11.199 5.599 6.682 4.646 4.912 6.328 7.327 8.174 4.776 7.068 5.051 4.604 9.302 8.987 8.927 8.210 7.864 7.733 4.283 7.371 7.330 7.323 6.312 5.083 6.178 -9999.000 -9999.000 -9999.000 -9999.000 -9999.000 -9999.000 -9999.000 -9999.000 -9999.000 -9999.000 -9999.000 -9999.000 -9999.000 -9999.000 -9999.000 -9999.000 -9999.000 -9999.000 -9999.000 -9999.000 -9999.000 -9999.000 -9999.000 -9999.000
4.841 7.538 6.323 4.468 5.446 4.679 8.024 6.592 4.461 4.643 4.121 11.639 4.279 5.358 4.046 4.751 4.253 5.230 4.386 7.401 6.541 6.438 6.121 5.818 11.543 10.791 5.568 6.775 11.048 11.076 10.405 10.317 9.782 9.530 9.668 6.326 4.311 7.080 4.391 7.125 6.771 6.563 6.819 4.827 5.698 5.000 6.093 6.381 -9999.000 -9999.000 -9999.000 -9999.000 -9999.000 -9999.000 -9999.000 -9999.000 -9999.000 -9999.000 -9999.000 -9999.000 -9999.000 -9999.000 -9999.000 -9999.000 -9999.000 -9999.000 -9999.000 -9999.000 -9999.000 -9999.000 -9999.000 -9999.000
6.544 6.737 5.831 4.590 4.999 4.620 8.042 6.240 4.957 4.398 5.224 11.789 6.201 4.017 5.183 4.765 4.471 4.775 4.402 7.285 6.264 6.249 5.858 5.236 5.435 10.677 11.160 10.856 6.497 5.232 8.373 5.000 7.832 4.213 4.905 7.223 5.875 5.777 7.118 6.777 4.246 5.056 4.633 7.059 6.927 6.333 6.525 -9999.000 -9999.000 -9999.000 -9999.000 -9999.000 -9999.000 -9999.000 -9999.000 -9999.000 -9999.000 -9999.000 -9999.000 -9999.000 -9999.000 -9999.000 -9999.000 -9999.000 -9999.000 -9999.000 -9999.000 -9999.000 -9999.000 -9999.000 -9999.000 -9999.000
5.738 6.451 5.134 4.695 4.888 5.832 8.212 5.859 5.052 4.270 5.799 11.653 4.168 5.647 5.385 4.193 4.774 4.865 5.609 7.328 6.178 6.090 5.593 4.652 4.881 8.883 10.437 4.729 4.334 4.820 4.476 8.583 7.476 5.557 5.374 4.474 7.251 4.591 5.543 4.891 6.710 6.555 5.923 5.923 5.367 6.421 6.804 -9999.000 -9999.000 -9999.000 -9999.000 -9999.000 -9999.000 -9999.000 -9999.000 -9999.000 -9999.000 -9999.000 -9999.000 -9999.000 -9999.000 -9999.000 -9999.000 -9999.000 -9999.000 -9999.000 -9999.000 -9999.000 -9999.000 -9999.000 -9999.000 -9999.000
5.269 6.043 4.495 4.880 4.819 8.081 6.246 5.519 4.660 5.426 6.011 11.980 5.367 4.695 4.019 5.011 4.814 5.016 5.288 7.057 5.893 5.855 5.244 4.621 7.506 8.143 10.255 5.921 5.216 4.209 4.647 5.159 8.100 7.208 4.365 5.145 4.454 7.340 6.798 6.726 4.507 4.614 6.460 6.295 5.743 -9999.000 -9999.000 -9999.000 -9999.000 -9999.000 -9999.000 -9999.000 -9999.000 -9999.000 -9999.000 -9999.000 -9999.000 -9999.000 -9999.000 -9999.000 -9999.000 -9999.000 -9999.000 -9999.000 -9999.000 -9999.000 -9999.000 -9999.000 -9999.000 -9999.000 -9999.000 -9999.000
4.606 5.090 5.177 4.670 5.803 7.948 5.848 4.861 4.522 5.949 4.212 11.826 6.302 5.914 5.437 5.370 4.827 5.193 6.351 6.180 5.566 5.582 4.610 4.544 7.208 7.914 7.227 9.548 4.194 4.380 5.260 4.319 5.611 7.941 7.273 7.108 4.572 5.156 4.259 4.561 6.890 6.265 6.319 5.950 6.170 -9999.000 -9999.000 -9999.000 -9999.000 -9999.000 -9999.000 -9999.000 -9999.000 -9999.000 -9999.000 -9999.000 -9999.000 -9999.000 -9999.000 -9999.000 -9999.000 -9999.000 -9999.000 -9999.000 -9999.000 -9999.000 -9999.000 -9999.000 -9999.000 -9999.000 -9999.000 -9999.000
4.951 4.357 4.593 4.536 7.365 6.363 5.517 4.904 6.027 4.273 4.871 11.897 5.307 4.147 4.778 4.172 4.782 4.926 5.655 5.876 5.090 5.115 4.395 6.713 4.690 7.699 6.830 9.747 6.092 5.559 4.245 4.518 4.402 5.137 8.069 4.451 7.200 6.943 6.476 6.493 6.295 6.688 6.542 6.106 6.574 -9999.000 -9999.000 -9999.000 -9999.000 -9999.000 -9999.000 -9999.000 -9999.000 -9999.000 -9999.000 -9999.000 -9999.000 -9999.000 -9999.000 -9999.000 -9999.000 -9999.000 -9999.000 -9999.000 -9999.000 -9999.000 -9999.000 -9999.000 -9999.000 -9999.000 -9999.000 -9999.000
4.131 4.478 4.442 5.928 6.908 6.190 4.896 5.446 5.664 4.200 6.250 11.745 4.547 4.350 4.793 4.146 5.130 4.772 5.304 5.481 4.315 4.504 4.354 6.308 4.554 7.409 6.392 6.024 9.577 4.879 4.201 5.140 4.551 4.572 8.086 6.036 5.137 4.404 6.317 6.006 4.761 6.496 5.225 5.799 6.789 -9999.000 -9999.000 -9999.000 -9999.000 -9999.000 -9999.000 -9999.000 -9999.000 -9999.000 -9999.000 -9999.000 -9999.000 -9999.000 -9999.000 -9999.000 -9999.000 -9999.000 -9999.000 -9999.000 -9999.000 -9999.000 -9999.000 -9999.000 -9999.000 -9999.000 -9999.000 -9999.000
4.973 4.657 4.581 4.865 6.557 5.893 4.808 5.331 4.294 5.830 6.565 9.019 11.790 5.804 4.080 5.730 4.864 4.674 5.120 4.674 4.597 4.577 5.946 4.367 6.593 6.248 6.020 5.497 9.499 6.140 5.331 5.773 4.362 4.802 4.880 8.190 7.079 6.648 6.695 4.676 5.552 5.116 6.190 6.265 -9999.000 -9999.000 -9999.000 -9999.000 -9999.000 -9999.000 -9999.000 -9999.000 -9999.000 -9999.000 -9999.000 -9999.000 -9999.000 -9999.000 -9999.000 -9999.000 -9999.000 -9999.000 -9999.000 -9999.000 -9999.000 -9999.000 -9999.000 -9999.000 -9999.000 -9999.000 -9999.000 -9999.000
4.973 4.586 5.433 5.143 5.890 5.343 4.736 4.563 4.877 6.154 8.456 4.816 10.344 10.995 6.083 3.964 4.129 4.531 5.425 5.028 5.183 4.946 5.021 4.359 6.280 5.966 5.737 5.170 4.772 10.068 7.326 4.167 5.408 4.582 5.071 5.628 6.472 6.083 5.645 6.661 6.594 6.467 6.520 6.265 -9999.000 -9999.000 -9999.000 -9999.000 -9999.000 -9999.000 -9999.000 -9999.000 -9999.000 -9999.000 -9999.000 -9999.000 -9999.000 -9999.000 -9999.000 -9999.000 -9999.000 -9999.000 -9999.000 -9999.000 -9999.000 -9999.000 -9999.000 -9999.000 -9999.000 -9999.000 -9999.000 -9999.000
