app_data/models/topmodel/test/data/right_hand_fork_ti_trim.txt
ncols 291
nrows 329
xllcorner -1216248.90364074
yllcorner 303574.46866338
cellsize 30.92208078
[rows 64 to 95 of 329, columns 72 to 143 of 291]
6.292 10.847 5.643 5.493 6.528 5.292 8.229 5.294 7.193 7.809 7.356 6.065 5.404 5.984 5.342 12.949 9.144 5.667 10.638 7.821 7.719 7.522 6.350 5.962 7.702 9.762 8.342 8.420 7.335 6.180 8.429 6.737 6.373 5.953 6.767 7.044 5.184 6.021 9.923 5.438 8.032 10.146 4.946 5.836 5.136 6.924 6.426 5.411 5.155 9.534 5.049 5.004 7.254 5.875 4.757 7.825 5.629 4.624 8.516 4.992 6.234 4.711 6.745 4.415 4.553 6.904 7.839 6.964 6.500 5.874 6.090 5.802
6.789 10.511 5.646 6.996 5.439 6.032 9.302 8.743 8.741 7.407 7.186 5.719 5.563 5.691 13.216 8.665 5.876 9.538 9.495 8.858 8.626 5.440 6.942 5.691 6.997 6.331 10.167 6.852 6.595 9.607 6.540 5.721 6.644 5.985 6.680 6.643 7.214 7.471 6.695 9.919 10.930 5.233 6.131 4.965 6.893 6.851 5.644 5.742 5.343 9.788 4.997 5.574 7.575 4.766 5.477 7.971 4.594 8.267 4.777 6.644 5.598 4.838 7.126 4.447 5.362 8.432 5.768 5.231 4.507 5.976 5.860 5.961
10.226 5.297 5.426 7.059 6.335 10.384 6.870 6.127 5.644 5.153 5.885 6.953 6.687 12.319 6.316 5.371 8.123 5.631 7.006 7.427 6.398 8.448 7.950 6.514 6.120 5.587 6.160 11.091 10.741 6.784 6.975 5.850 7.016 7.261 7.477 5.450 5.800 5.204 7.894 10.267 10.768 5.229 7.296 6.980 6.913 5.063 5.726 5.401 6.498 5.483 9.646 6.146 7.780 4.830 8.238 8.249 8.294 6.769 6.586 6.048 4.915 7.509 4.694 8.676 8.500 4.553 6.552 6.213 5.692 5.553 5.263 5.918
10.581 5.941 5.300 7.683 10.078 5.652 6.838 6.137 5.463 5.510 5.917 6.134 11.993 5.774 5.171 4.697 5.086 8.247 7.417 6.647 7.097 5.794 7.207 7.849 6.225 5.842 5.884 7.637 6.660 8.988 6.483 6.197 7.269 6.941 5.932 7.309 7.036 7.436 7.846 11.303 5.648 7.441 5.019 7.175 6.035 5.748 5.182 5.210 6.936 5.155 9.572 8.207 5.106 5.933 9.247 7.073 7.084 4.756 6.236 5.524 4.900 9.106 8.704 6.952 6.586 6.062 5.832 4.480 5.512 5.005 5.193 4.750
11.244 5.820 7.703 5.355 9.791 6.387 5.557 4.636 4.941 6.760 5.334 13.632 5.857 4.533 5.304 5.197 6.486 4.835 6.223 6.995 6.099 6.905 5.316 7.493 7.976 5.734 6.170 6.321 5.243 7.938 6.354 6.532 6.637 6.723 6.899 6.932 5.142 5.910 6.322 11.074 8.088 7.883 7.615 6.584 4.964 5.126 5.779 5.941 5.366 7.154 9.875 8.655 6.314 9.545 4.761 4.866 5.587 4.838 6.688 4.717 9.063 4.659 5.948 5.555 4.570 5.086 4.351 5.401 5.078 5.447 4.834 5.680
11.264 6.214 10.208 9.522 6.556 6.096 5.407 5.015 5.118 4.989 5.043 11.934 6.599 5.323 4.842 5.359 5.686 4.747 5.878 4.857 6.724 5.772 6.927 6.942 5.468 7.936 5.457 6.115 5.417 7.571 5.755 6.243 6.035 5.700 7.205 5.435 6.994 7.211 5.001 11.005 9.454 5.944 5.139 6.161 5.679 4.965 6.089 6.135 5.190 7.433 10.274 10.017 9.872 5.616 4.836 6.443 5.133 5.019 6.980 4.724 9.041 6.385 5.018 4.379 4.665 5.065 4.372 4.765 5.112 4.719 5.177 6.182
5.835 11.371 5.852 6.869 5.043 5.619 4.875 4.843 5.381 4.811 12.172 4.662 4.590 6.674 4.987 6.317 5.172 5.327 5.448 5.328 6.739 5.187 6.548 5.223 6.688 7.944 5.880 6.214 7.091 7.065 6.221 6.064 6.302 6.925 7.328 6.897 7.078 5.165 7.207 7.890 12.008 5.336 6.590 5.185 5.179 5.755 6.523 6.921 5.475 5.381 10.875 5.153 5.923 5.045 6.785 5.203 5.143 5.717 7.340 9.431 5.978 5.522 4.953 4.439 5.875 4.368 5.057 4.594 5.431 4.439 5.797 6.356
6.028 11.165 7.129 5.276 6.350 4.834 4.713 11.787 5.425 12.260 4.886 5.709 5.402 4.906 6.591 5.113 5.435 5.850 6.163 5.605 5.473 6.714 6.116 5.613 6.519 7.646 6.906 6.534 6.284 6.984 6.865 6.894 5.450 6.270 6.596 7.480 7.681 7.091 7.311 7.846 12.571 7.095 6.426 5.279 6.082 6.544 7.708 5.562 5.780 6.853 11.058 6.048 5.003 7.194 5.167 5.330 5.868 7.751 9.829 6.536 5.785 5.095 4.318 6.184 5.800 5.417 5.416 4.624 5.644 4.350 6.217 6.525
10.763 5.432 6.294 5.188 5.302 12.040 11.788 5.181 12.236 9.867 9.770 5.540 4.758 4.811 5.537 5.105 5.812 5.899 6.085 5.773 5.222 5.694 5.804 6.271 6.111 6.811 7.051 6.780 6.790 6.463 6.076 6.198 7.233 7.550 5.311 5.995 5.324 7.748 7.994 5.528 12.552 7.414 5.605 6.605 5.569 7.123 8.058 5.523 5.631 11.405 5.766 7.455 6.987 4.920 5.273 6.285 10.830 10.472 7.057 4.889 4.932 6.456 6.206 6.078 4.443 5.663 4.262 4.506 4.282 5.866 6.392 7.076
11.082 6.784 5.182 5.785 12.030 5.957 5.290 6.191 5.419 4.599 5.987 10.185 9.730 6.178 4.780 6.099 6.181 6.280 6.262 5.557 5.002 5.587 6.224 6.751 8.381 6.815 6.880 7.880 6.770 6.283 5.794 5.375 6.145 5.424 7.478 7.586 7.842 8.033 5.392 8.228 12.380 6.101 7.172 6.412 5.756 8.538 5.420 5.395 6.511 11.910 8.895 7.109 6.252 5.532 6.434 10.543 5.804 5.713 7.607 5.075 7.212 4.726 6.465 5.608 4.472 6.226 4.257 4.911 4.856 6.130 7.554 5.285
5.335 5.598 12.328 11.892 5.947 5.209 4.555 4.706 5.601 4.623 5.487 5.605 8.569 9.783 8.883 8.713 8.783 9.002 8.293 6.049 5.675 5.322 6.481 7.397 6.458 9.078 7.374 6.697 7.623 6.539 6.129 6.865 7.101 7.388 7.487 5.242 6.111 6.529 8.271 8.530 6.089 11.879 6.884 5.806 6.630 8.729 6.219 11.445 11.721 11.242 10.719 10.842 10.078 9.852 10.087 5.919 7.136 6.440 5.417 7.763 7.179 6.760 6.382 4.700 6.547 4.370 4.390 5.313 5.340 6.390 7.690 6.203
12.242 12.689 10.432 6.887 7.122 6.626 5.694 5.393 4.572 5.598 5.064 5.119 5.422 8.940 9.211 8.811 8.701 8.684 7.896 8.222 8.039 8.139 8.481 7.251 6.961 7.474 7.033 6.273 6.712 7.177 7.458 5.693 5.484 6.007 6.322 7.820 8.196 5.454 6.239 6.573 8.920 12.002 6.920 5.854 9.049 6.280 12.459 7.063 6.629 5.290 5.173 5.339 7.339 4.759 5.660 5.414 6.484 5.950 5.617 8.077 5.492 6.763 4.762 4.867 7.004 4.500 5.129 5.801 5.908 7.976 6.342 4.557
5.935 6.627 5.618 10.310 6.622 4.448 6.230 5.957 5.321 5.153 5.548 5.658 6.932 8.066 5.569 6.492 5.689 7.796 5.549 8.263 6.481 6.197 5.881 7.682 7.400 7.219 6.404 7.101 5.722 6.453 6.927 8.290 6.077 5.269 5.167 6.090 6.666 8.435 8.577 5.338 6.312 12.387 5.917 9.128 12.062 12.431 6.346 5.099 5.251 6.272 5.436 6.511 6.211 5.693 5.240 6.065 6.251 8.511 7.944 9.122 9.514 8.852 8.003 7.606 4.938 4.759 5.746 6.328 6.406 8.395 5.926 5.276
6.755 5.545 6.255 5.032 10.083 6.013 5.677 4.657 4.664 5.004 5.583 5.730 5.771 6.648 7.374 4.985 6.365 5.311 8.100 6.625 7.740 7.638 7.685 7.085 6.519 6.909 5.988 5.793 6.828 7.093 5.648 5.553 8.082 6.337 6.823 5.500 5.536 6.439 6.606 8.428 8.872 12.687 9.162 11.787 5.731 7.995 7.192 6.258 6.030 5.254 5.419 5.805 5.913 6.224 5.354 5.449 8.362 5.804 9.140 6.224 5.771 5.545 5.542 6.172 5.347 5.823 6.448 6.805 6.756 8.472 4.486 4.755
6.790 6.682 4.849 6.020 10.366 5.678 4.615 4.748 6.043 5.597 5.070 5.151 5.520 5.949 6.206 7.394 5.624 5.103 6.662 6.103 6.374 6.285 6.866 7.307 7.307 6.174 6.358 6.159 5.959 5.501 7.714 6.170 5.358 7.975 8.060 7.159 6.324 5.846 5.335 5.974 5.783 12.780 6.421 11.749 7.494 6.695 5.547 6.056 5.366 5.184 5.125 5.467 5.524 5.517 5.404 9.504 9.376 9.276 5.307 7.339 7.383 6.937 6.599 6.167 6.015 6.599 6.943 7.129 7.143 8.660 6.134 5.886
6.656 4.702 6.414 4.999 5.404 10.476 6.900 6.587 4.708 5.709 7.131 4.909 6.046 5.423 5.270 5.762 7.489 5.375 6.288 5.246 6.217 6.464 6.222 7.454 6.573 5.662 6.175 6.415 6.360 7.004 5.684 7.615 6.420 6.886 5.162 8.460 6.806 5.664 6.440 6.707 11.931 7.450 12.657 5.792 6.822 5.316 5.863 5.541 5.242 6.444 5.051 6.250 6.354 5.563 9.831 6.119 5.615 7.835 6.364 5.994 5.573 6.883 6.143 6.108 5.628 6.996 7.091 5.181 9.429 5.469 4.745 5.917
5.481 6.420 5.872 4.985 8.802 9.114 9.457 9.108 9.171 8.936 4.849 6.937 6.479 6.338 5.882 5.123 5.432 7.693 6.616 6.401 5.801 6.064 6.299 6.988 5.804 6.611 6.071 6.325 6.691 6.899 7.177 5.408 7.755 5.280 6.861 7.296 9.495 5.619 5.498 5.481 12.027 7.837 12.484 7.977 5.918 5.180 5.448 6.208 7.229 5.103 5.433 9.917 9.839 10.320 8.538 8.549 8.307 5.409 7.170 6.973 6.803 7.095 6.938 6.886 5.777 7.622 7.258 5.965 9.464 4.807 6.210 6.385
4.852 6.154 5.509 4.979 8.347 6.236 8.685 7.331 5.393 7.837 8.707 8.185 8.120 7.493 7.234 6.122 6.034 6.587 6.389 6.538 6.191 6.559 6.794 6.883 7.380 5.485 6.634 7.578 5.489 8.043 5.753 7.277 5.345 7.542 7.662 5.436 5.521 9.026 6.300 6.488 7.058 13.800 8.944 6.132 5.518 5.884 10.336 10.950 10.299 9.879 10.267 7.667 7.071 6.081 5.566 5.584 8.372 6.742 6.156 5.229 6.704 6.401 6.733 5.821 6.974 5.302 7.809 9.473 5.097 6.561 6.627 4.778
6.073 5.777 4.865 8.318 4.773 5.735 8.051 5.365 7.386 5.025 8.075 7.320 6.696 7.502 6.934 6.628 6.677 5.744 6.506 5.915 6.656 6.194 6.686 5.630 6.170 7.480 7.615 5.324 7.909 5.846 8.027 5.933 6.951 5.582 5.235 8.269 6.016 9.215 7.320 6.317 5.998 14.270 6.618 11.534 11.263 10.328 6.651 7.567 6.308 6.793 5.781 6.245 5.003 5.798 5.185 5.775 7.734 6.035 5.036 5.306 6.571 6.485 6.388 6.581 6.977 4.971 7.892 9.625 6.786 6.923 6.472 5.985
5.937 5.631 5.089 8.158 4.694 5.367 7.258 7.448 4.784 7.613 6.644 7.258 6.474 6.502 6.427 6.915 6.463 6.750 5.737 6.302 6.432 6.698 6.957 7.391 7.254 5.110 6.109 7.920 8.800 5.630 5.328 7.668 7.741 8.249 6.092 5.539 8.267 10.393 6.635 6.162 6.757 14.736 11.646 8.366 7.353 6.375 4.942 6.213 6.177 5.709 6.266 5.411 5.713 4.820 6.226 5.418 5.832 5.905 5.012 6.146 5.438 6.674 6.133 5.151 6.559 6.558 5.047 10.262 7.267 7.993 7.650 7.821
5.757 5.194 8.123 5.023 6.641 4.800 7.248 7.412 4.972 7.407 6.109 4.800 7.158 6.231 6.466 6.278 5.959 6.117 5.816 6.480 6.761 6.917 5.689 6.362 6.301 7.684 8.190 5.126 6.137 9.139 6.085 6.089 5.235 5.972 8.869 6.969 5.707 5.926 9.983 5.973 14.347 9.768 9.276 8.022 7.131 5.019 5.702 5.123 5.960 5.897 5.422 6.199 5.407 5.007 5.046 4.817 6.837 5.089 6.441 6.195 5.850 5.721 5.033 5.274 4.444 7.169 9.862 9.018 8.799 7.355 7.003 6.703
5.351 5.606 7.909 6.153 6.312 4.976 7.342 5.013 7.633 6.204 6.737 5.894 5.436 7.057 6.297 6.287 5.872 5.471 6.119 6.253 6.544 6.630 7.453 5.603 5.273 5.480 5.318 7.807 8.175 6.528 8.843 6.507 6.361 5.248 5.361 9.203 5.725 6.317 10.133 13.401 5.991 5.503 6.527 8.093 7.269 6.854 6.499 5.951 5.595 5.601 5.762 5.827 5.651 5.885 5.676 5.735 7.968 6.742 6.559 4.508 4.597 4.505 5.475 4.283 5.829 10.046 9.320 6.843 6.406 5.772 5.889 5.611
5.985 7.007 8.206 5.912 5.808 5.262 7.499 5.446 7.003 6.092 5.897 6.549 5.600 5.224 7.228 5.881 6.033 5.912 6.347 6.634 6.690 5.300 6.084 7.531 7.666 5.513 5.159 5.709 5.057 8.045 6.680 8.703 6.652 6.599 7.357 5.771 9.293 5.907 14.014 5.923 5.963 5.043 5.613 5.902 6.279 7.236 5.368 5.507 6.330 5.771 6.376 5.378 6.448 5.019 6.277 8.195 5.464 4.997 6.539 5.565 4.348 4.912 5.685 4.489 10.616 9.498 5.117 6.534 6.182 4.652 5.384 5.754
6.721 5.729 5.682 7.711 5.540 5.669 5.634 7.444 5.632 6.242 5.948 5.498 6.716 5.402 6.817 6.090 5.740 6.511 6.137 6.334 5.314 6.940 7.205 7.655 7.885 8.448 8.288 4.923 5.921 6.470 8.268 6.807 8.780 7.120 7.487 7.861 6.500 13.606 8.165 7.193 6.448 5.913 4.864 5.381 5.844 5.143 7.746 7.264 5.747 6.956 5.558 6.001 6.890 5.861 8.231 5.487 5.906 5.464 6.927 4.572 5.209 5.538 6.264 10.486 6.185 5.053 7.013 6.484 5.645 6.022 5.468 5.548
5.762 5.509 6.204 5.422 7.981 7.740 5.745 5.337 6.547 4.903 5.835 5.581 5.337 7.014 6.366 5.760 6.808 6.204 5.838 5.463 6.650 7.069 5.318 6.193 5.669 6.068 6.290 8.214 8.308 8.653 8.875 9.390 10.288 6.042 5.659 7.687 8.154 14.023 7.389 6.343 5.727 4.753 5.459 4.862 5.193 5.442 5.945 6.279 6.816 5.411 5.367 7.588 5.541 8.637 5.371 5.936 5.022 6.064 7.525 4.562 5.537 6.086 10.706 7.897 7.472 7.306 6.011 5.498 5.620 5.272 5.047 6.281
9.176 9.363 9.213 8.479 8.395 8.382 7.564 6.925 4.915 6.140 5.456 5.844 5.619 6.503 6.133 7.059 6.116 5.275 6.389 5.333 5.333 5.267 6.891 5.398 6.708 5.620 5.899 6.067 6.740 5.075 6.012 6.589 6.052 10.592 6.261 6.732 8.284 13.354 7.178 6.429 6.000 5.462 4.870 5.641 6.256 6.080 5.215 6.402 6.931 5.136 5.979 7.626 5.871 8.192 5.613 5.928 4.839 6.655 5.151 7.716 6.548 10.735 7.772 5.642 4.931 4.788 5.978 5.484 5.181 5.291 5.371 6.191
7.524 6.173 5.240 8.483 5.842 5.539 8.191 5.027 6.192 5.807 5.061 5.563 6.230 6.446 7.012 5.734 5.133 5.608 6.586 5.709 5.044 5.603 5.661 7.140 7.072 5.772 5.292 5.880 4.873 7.030 7.605 5.403 8.652 8.876 10.388 10.443 7.247 12.808 6.513 4.576 4.696 5.884 5.266 7.634 6.622 5.091 6.254 6.838 7.329 5.121 6.410 5.609 7.851 8.151 5.887 6.120 4.864 7.113 6.113 11.657 10.645 5.832 4.909 7.656 6.754 6.160 5.679 4.392 5.137 4.888 5.892 6.267
6.780 7.251 5.096 6.390 8.115 5.604 7.267 6.886 6.514 6.246 5.987 5.793 7.142 5.950 5.578 5.824 5.557 5.590 7.087 6.069 4.835 6.142 4.785 5.962 7.714 5.534 6.067 5.136 4.760 5.678 5.413 7.962 5.842 5.698 6.340 5.655 10.637 12.344 4.530 6.030 5.781 4.980 5.993 6.299 5.686 6.025 6.198 6.728 7.761 5.783 6.954 5.557 4.998 8.563 6.265 6.455 7.083 5.191 11.293 5.254 5.900 5.009 5.859 4.955 6.909 6.310 4.359 5.518 5.237 5.486 6.011 5.339
5.568 6.591 7.169 4.843 5.781 8.058 6.409 6.757 6.123 5.066 6.472 6.170 6.117 6.604 5.823 5.466 5.892 6.590 4.979 7.285 5.371 4.613 6.115 6.354 7.866 5.632 5.292 5.931 6.415 5.143 6.838 5.903 5.639 6.608 6.961 7.557 6.310 12.327 5.656 5.252 4.653 5.221 5.888 6.621 5.360 5.982 6.145 6.370 8.025 7.018 5.093 5.032 5.474 8.658 6.691 6.895 7.447 10.592 6.153 5.643 5.081 5.347 7.809 6.952 6.613 4.399 6.042 5.760 4.739 6.313 5.822 5.778
6.897 4.893 6.166 7.028 5.199 7.218 5.951 5.844 5.593 6.288 5.524 7.246 5.752 6.072 6.636 7.047 4.936 7.266 4.753 5.170 7.187 4.468 6.427 7.967 4.920 5.469 5.095 5.935 6.502 7.113 7.563 7.365 6.154 5.534 5.524 6.350 13.977 5.935 4.611 5.169 4.745 5.815 5.519 6.718 5.082 4.893 4.630 6.994 8.169 7.187 4.928 4.925 6.317 8.884 7.046 7.446 11.236 8.314 8.176 8.246 8.485 8.267 4.844 6.333 5.994 6.297 5.983 4.485 5.711 6.647 5.584 4.894
5.900 6.770 5.394 4.974 7.060 6.591 5.931 5.434 5.607 5.204 6.255 6.138 6.354 6.325 4.652 5.193 7.379 4.847 6.828 5.803 7.324 4.563 7.035 8.345 5.591 5.286 5.240 5.843 6.339 7.453 5.679 7.583 7.372 6.699 7.152 7.506 13.443 5.335 5.948 4.467 5.930 5.752 5.283 5.290 6.199 5.378 5.177 5.673 9.043 6.165 5.166 5.115 5.738 8.845 6.971 11.003 4.998 7.603 7.354 4.998 5.860 4.848 6.461 5.969 5.501 5.859 5.092 5.915 5.931 6.615 5.178 5.854
4.745 5.347 6.564 5.024 5.591 6.185 6.142 5.469 5.047 5.715 6.352 6.441 6.575 4.926 6.267 6.197 7.709 4.656 5.102 6.930 6.327 7.593 8.574 4.996 5.763 5.479 5.598 5.153 5.058 7.777 5.588 6.053 7.844 7.587 7.723 5.682 13.186 7.296 6.233 5.922 5.791 4.953 6.076 5.034 5.359 6.203 5.669 4.686 9.201 5.006 5.151 5.790 4.892 8.666 7.195 10.687 6.353 6.071 5.774 7.656 7.411 6.472 5.801 5.318 4.439 5.159 4.719 5.139 5.369 6.799 4.998 5.438
