app_data/models/topmodel/test/data/right_hand_fork_ti_trim.txt
ncols 291
nrows 329
xllcorner -1216248.90364074
yllcorner 303574.46866338
cellsize 30.92208078
[rows 96 to 127 of 329, columns 216 to 287 of 291]
6.028 7.218 5.145 4.674 6.847 4.795 5.489 6.895 5.862 5.241 5.103 5.501 4.526 5.113 7.079 6.977 4.999 7.792 5.289 6.433 9.071 8.132 5.735 5.389 7.648 6.718 6.731 6.720 6.766 -9999.000 -9999.000 6.238 6.268 5.108 5.079 -9999.000 -9999.000 -9999.000 -9999.000 -9999.000 -9999.000 -9999.000 -9999.000 -9999.000 -9999.000 -9999.000 -9999.000 -9999.000 -9999.000 -9999.000 -9999.000 -9999.000 -9999.000 -9999.000 -9999.000 -9999.000 -9999.000 -9999.000 -9999.000 -9999.000 -9999.000 -9999.000 -9999.000 -9999.000 -9999.000 -9999.000 -9999.000 -9999.000 -9999.000 -9999.000 -9999.000 -9999.000
5.288 7.835 4.599 7.121 5.657 5.054 7.786 6.260 4.797 5.175 5.062 4.663 5.917 5.980 7.548 7.238 5.801 5.286 8.011 6.871 9.563 5.347 7.760 7.553 5.510 6.609 6.253 7.468 6.401 6.172 6.623 6.786 4.826 4.620 4.062 -9999.000 -9999.000 -9999.000 -9999.000 -9999.000 -9999.000 -9999.000 -9999.000 -9999.000 -9999.000 -9999.000 -9999.000 -9999.000 -9999.000 -9999.000 -9999.000 -9999.000 -9999.000 -9999.000 -9999.000 -9999.000 -9999.000 -9999.000 -9999.000 -9999.000 -9999.000 -9999.000 -9999.000 -9999.000 -9999.000 -9999.000 -9999.000 -9999.000 -9999.000 -9999.000 -9999.000 -9999.000
7.783 4.743 7.234 6.096 5.906 8.019 5.240 6.374 5.582 5.101 5.058 5.825 5.975 4.398 5.421 8.803 6.372 5.976 5.333 8.296 9.946 7.736 5.439 6.812 6.630 6.339 7.114 6.060 6.669 6.395 6.702 7.111 5.797 4.930 4.172 -9999.000 -9999.000 -9999.000 -9999.000 -9999.000 -9999.000 -9999.000 -9999.000 -9999.000 -9999.000 -9999.000 -9999.000 -9999.000 -9999.000 -9999.000 -9999.000 -9999.000 -9999.000 -9999.000 -9999.000 -9999.000 -9999.000 -9999.000 -9999.000 -9999.000 -9999.000 -9999.000 -9999.000 -9999.000 -9999.000 -9999.000 -9999.000 -9999.000 -9999.000 -9999.000 -9999.000 -9999.000
8.419 7.165 6.188 6.034 8.096 7.260 6.871 5.166 5.144 5.808 5.170 4.993 5.259 6.398 6.816 4.994 8.731 6.400 6.051 10.091 5.664 5.857 6.646 5.373 6.906 7.286 6.729 5.894 7.280 10.014 9.973 8.665 6.466 3.881 4.605 -9999.000 -9999.000 -9999.000 -9999.000 -9999.000 -9999.000 -9999.000 -9999.000 -9999.000 -9999.000 -9999.000 -9999.000 -9999.000 -9999.000 -9999.000 -9999.000 -9999.000 -9999.000 -9999.000 -9999.000 -9999.000 -9999.000 -9999.000 -9999.000 -9999.000 -9999.000 -9999.000 -9999.000 -9999.000 -9999.000 -9999.000 -9999.000 -9999.000 -9999.000 -9999.000 -9999.000 -9999.000
4.609 6.384 7.879 7.885 7.389 5.348 6.868 6.054 5.304 6.321 5.998 5.017 4.533 5.252 5.706 7.392 8.774 6.641 6.530 10.231 7.101 7.024 6.690 6.640 5.851 7.884 5.617 7.486 9.272 5.431 6.218 7.808 5.481 4.604 4.862 -9999.000 -9999.000 -9999.000 -9999.000 -9999.000 -9999.000 -9999.000 -9999.000 -9999.000 -9999.000 -9999.000 -9999.000 -9999.000 -9999.000 -9999.000 -9999.000 -9999.000 -9999.000 -9999.000 -9999.000 -9999.000 -9999.000 -9999.000 -9999.000 -9999.000 -9999.000 -9999.000 -9999.000 -9999.000 -9999.000 -9999.000 -9999.000 -9999.000 -9999.000 -9999.000 -9999.000 -9999.000
6.306 8.314 7.544 7.904 6.973 6.942 5.581 5.700 6.265 6.817 6.482 4.994 5.708 4.558 4.474 5.528 9.147 6.726 9.774 5.494 8.006 7.219 4.906 5.775 5.394 8.358 7.141 9.193 5.617 5.020 4.998 6.397 5.721 4.520 4.097 -9999.000 -9999.000 -9999.000 -9999.000 -9999.000 -9999.000 -9999.000 -9999.000 -9999.000 -9999.000 -9999.000 -9999.000 -9999.000 -9999.000 -9999.000 -9999.000 -9999.000 -9999.000 -9999.000 -9999.000 -9999.000 -9999.000 -9999.000 -9999.000 -9999.000 -9999.000 -9999.000 -9999.000 -9999.000 -9999.000 -9999.000 -9999.000 -9999.000 -9999.000 -9999.000 -9999.000 -9999.000
8.458 6.091 5.829 5.863 5.231 6.831 6.339 5.719 6.672 7.085 6.805 5.251 5.348 5.785 6.342 4.888 9.178 7.239 9.985 5.384 8.293 4.936 5.868 5.585 7.792 5.163 8.985 5.219 4.838 5.352 5.109 6.204 6.782 5.181 4.040 5.265 -9999.000 -9999.000 -9999.000 -9999.000 -9999.000 -9999.000 -9999.000 -9999.000 -9999.000 -9999.000 -9999.000 -9999.000 -9999.000 -9999.000 -9999.000 -9999.000 -9999.000 -9999.000 -9999.000 -9999.000 -9999.000 -9999.000 -9999.000 -9999.000 -9999.000 -9999.000 -9999.000 -9999.000 -9999.000 -9999.000 -9999.000 -9999.000 -9999.000 -9999.000 -9999.000 -9999.000
5.230 4.513 4.951 6.978 6.811 5.427 5.876 6.466 6.929 7.190 7.103 5.813 4.618 5.734 6.306 6.850 5.369 11.124 5.832 6.283 8.395 6.612 5.842 4.827 8.953 8.558 5.171 5.741 4.872 5.496 4.969 5.657 7.002 3.874 4.750 5.457 6.373 -9999.000 -9999.000 -9999.000 -9999.000 -9999.000 -9999.000 -9999.000 -9999.000 -9999.000 -9999.000 -9999.000 -9999.000 -9999.000 -9999.000 -9999.000 -9999.000 -9999.000 -9999.000 -9999.000 -9999.000 -9999.000 -9999.000 -9999.000 -9999.000 -9999.000 -9999.000 -9999.000 -9999.000 -9999.000 -9999.000 -9999.000 -9999.000 -9999.000 -9999.000 -9999.000
5.255 4.717 7.127 5.211 6.329 5.412 6.380 5.472 7.207 7.002 6.999 5.491 4.792 5.581 5.847 7.622 5.845 11.443 6.536 5.488 8.846 5.311 6.433 8.867 4.769 5.607 6.116 5.690 5.035 6.270 6.638 8.748 5.188 3.935 5.409 4.507 5.420 -9999.000 -9999.000 -9999.000 -9999.000 -9999.000 -9999.000 -9999.000 -9999.000 -9999.000 -9999.000 -9999.000 -9999.000 -9999.000 -9999.000 -9999.000 -9999.000 -9999.000 -9999.000 -9999.000 -9999.000 -9999.000 -9999.000 -9999.000 -9999.000 -9999.000 -9999.000 -9999.000 -9999.000 -9999.000 -9999.000 -9999.000 -9999.000 -9999.000 -9999.000 -9999.000
4.827 7.015 4.918 6.417 5.855 5.607 6.679 5.948 7.078 4.946 7.790 5.095 5.180 4.806 4.307 5.331 8.825 6.773 10.864 5.505 9.066 7.014 5.365 9.262 6.749 6.296 5.995 5.611 6.504 6.693 5.688 8.308 4.561 5.730 3.946 5.015 5.421 5.091 -9999.000 -9999.000 -9999.000 -9999.000 -9999.000 -9999.000 -9999.000 -9999.000 -9999.000 -9999.000 -9999.000 -9999.000 -9999.000 -9999.000 -9999.000 -9999.000 -9999.000 -9999.000 -9999.000 -9999.000 -9999.000 -9999.000 -9999.000 -9999.000 -9999.000 -9999.000 -9999.000 -9999.000 -9999.000 -9999.000 -9999.000 -9999.000 -9999.000 -9999.000
7.087 6.686 6.458 5.856 4.964 5.898 5.879 7.036 6.111 8.336 4.943 5.018 5.114 4.753 5.449 5.970 6.289 8.522 5.641 10.648 9.236 7.405 9.434 5.820 5.154 6.420 7.050 6.603 6.697 5.074 5.393 8.214 6.473 5.394 5.113 5.079 4.145 4.838 5.063 -9999.000 -9999.000 -9999.000 -9999.000 -9999.000 -9999.000 -9999.000 -9999.000 -9999.000 -9999.000 -9999.000 -9999.000 -9999.000 -9999.000 -9999.000 -9999.000 -9999.000 -9999.000 -9999.000 -9999.000 -9999.000 -9999.000 -9999.000 -9999.000 -9999.000 -9999.000 -9999.000 -9999.000 -9999.000 -9999.000 -9999.000 -9999.000 -9999.000
6.658 4.676 6.314 6.478 5.668 6.064 6.316 6.037 6.653 8.737 4.866 5.494 5.484 4.726 4.476 4.464 8.381 5.439 6.149 5.410 10.931 9.759 6.448 5.053 5.412 7.876 5.148 6.932 5.126 6.168 5.074 8.437 6.237 4.165 5.688 5.260 4.622 5.016 4.438 4.683 5.077 5.694 -9999.000 -9999.000 -9999.000 -9999.000 -9999.000 -9999.000 -9999.000 -9999.000 -9999.000 -9999.000 -9999.000 -9999.000 -9999.000 -9999.000 -9999.000 -9999.000 -9999.000 -9999.000 -9999.000 -9999.000 -9999.000 -9999.000 -9999.000 -9999.000 -9999.000 -9999.000 -9999.000 -9999.000 -9999.000 -9999.000
7.366 7.304 6.788 4.623 5.844 5.843 6.231 5.144 6.226 9.023 5.697 5.819 5.845 4.835 5.239 5.904 6.886 9.049 6.350 5.893 11.059 7.049 8.485 5.913 8.291 5.357 7.295 5.915 6.444 5.186 5.765 8.603 6.229 5.935 6.579 5.409 5.129 5.512 4.827 4.909 4.458 5.682 5.407 -9999.000 -9999.000 -9999.000 -9999.000 -9999.000 -9999.000 -9999.000 -9999.000 -9999.000 -9999.000 -9999.000 -9999.000 -9999.000 -9999.000 -9999.000 -9999.000 -9999.000 -9999.000 -9999.000 -9999.000 -9999.000 -9999.000 -9999.000 -9999.000 -9999.000 -9999.000 -9999.000 -9999.000 -9999.000
4.614 4.816 5.286 4.721 5.858 5.486 5.555 5.943 6.010 4.957 8.851 6.222 6.172 5.553 4.751 5.515 6.324 7.074 8.794 7.232 11.299 8.564 5.156 8.779 7.695 7.597 6.624 5.431 6.968 5.260 6.658 9.324 8.065 8.026 7.480 4.323 6.043 4.201 5.401 5.021 5.579 5.798 5.187 5.849 6.436 -9999.000 -9999.000 -9999.000 -9999.000 -9999.000 -9999.000 -9999.000 -9999.000 -9999.000 -9999.000 -9999.000 -9999.000 -9999.000 -9999.000 -9999.000 -9999.000 -9999.000 -9999.000 -9999.000 -9999.000 -9999.000 -9999.000 -9999.000 -9999.000 -9999.000 -9999.000 -9999.000
4.698 6.041 4.630 6.000 5.119 5.974 6.008 5.588 5.023 6.342 6.709 8.863 6.323 5.867 5.000 5.006 4.849 7.544 5.562 11.910 7.949 7.344 6.384 6.363 5.627 7.181 5.730 7.598 5.400 6.957 9.738 8.533 8.393 5.215 4.411 7.714 7.159 5.826 6.466 5.946 6.000 4.507 5.827 6.417 5.658 6.197 5.840 -9999.000 -9999.000 -9999.000 -9999.000 -9999.000 -9999.000 -9999.000 -9999.000 -9999.000 -9999.000 -9999.000 -9999.000 -9999.000 -9999.000 -9999.000 -9999.000 -9999.000 -9999.000 -9999.000 -9999.000 -9999.000 -9999.000 -9999.000 -9999.000 -9999.000
6.355 6.173 6.082 5.539 5.000 6.262 6.501 6.418 5.291 5.419 5.702 8.829 6.488 6.165 6.071 4.983 5.840 5.379 11.998 7.400 5.792 4.889 7.592 7.654 7.336 6.431 5.898 8.193 5.682 10.491 8.663 4.642 4.747 8.200 8.130 8.302 4.735 6.831 4.614 7.789 7.096 5.601 6.315 5.069 6.510 5.962 5.622 -9999.000 -9999.000 -9999.000 -9999.000 -9999.000 -9999.000 -9999.000 -9999.000 -9999.000 -9999.000 -9999.000 -9999.000 -9999.000 -9999.000 -9999.000 -9999.000 -9999.000 -9999.000 -9999.000 -9999.000 -9999.000 -9999.000 -9999.000 -9999.000 -9999.000
6.446 4.572 5.793 4.719 5.600 6.998 5.338 6.741 5.281 4.614 4.349 5.233 9.186 6.657 4.806 4.730 4.853 7.288 12.183 7.352 6.323 5.707 6.108 6.032 6.932 8.418 8.308 6.157 11.455 5.940 4.715 4.758 5.317 4.627 5.352 4.696 8.329 8.175 7.900 5.307 4.497 7.137 6.657 6.457 6.241 5.091 6.051 5.814 -9999.000 -9999.000 -9999.000 -9999.000 -9999.000 -9999.000 -9999.000 -9999.000 -9999.000 -9999.000 -9999.000 -9999.000 -9999.000 -9999.000 -9999.000 -9999.000 -9999.000 -9999.000 -9999.000 -9999.000 -9999.000 -9999.000 -9999.000 -9999.000
5.044 4.650 6.248 5.723 6.825 4.957 6.784 5.456 5.042 5.087 5.646 4.544 4.917 9.324 4.683 5.299 4.967 11.653 7.860 5.995 5.060 5.308 5.792 7.487 8.568 5.782 10.844 11.260 9.592 8.550 8.299 8.241 7.442 7.426 7.346 5.861 5.412 4.685 6.714 6.332 5.807 5.532 4.935 6.566 5.661 5.937 4.895 5.373 6.448 -9999.000 -9999.000 -9999.000 -9999.000 -9999.000 -9999.000 -9999.000 -9999.000 -9999.000 -9999.000 -9999.000 -9999.000 -9999.000 -9999.000 -9999.000 -9999.000 -9999.000 -9999.000 -9999.000 -9999.000 -9999.000 -9999.000 -9999.000
4.268 6.389 5.996 6.881 6.819 6.728 5.920 5.653 4.780 4.932 5.373 6.129 9.386 5.103 5.525 5.950 6.121 12.096 6.526 5.931 5.385 5.987 5.556 8.899 11.306 11.018 8.596 5.958 5.152 5.736 4.618 6.963 4.764 5.455 4.672 7.081 6.812 5.842 5.378 4.626 5.721 4.991 4.922 6.772 6.176 6.555 6.154 5.802 6.151 -9999.000 -9999.000 -9999.000 -9999.000 -9999.000 -9999.000 -9999.000 -9999.000 -9999.000 -9999.000 -9999.000 -9999.000 -9999.000 -9999.000 -9999.000 -9999.000 -9999.000 -9999.000 -9999.000 -9999.000 -9999.000 -9999.000 -9999.000
6.287 6.152 6.953 7.083 4.877 5.946 5.194 5.539 5.130 5.630 5.992 6.906 9.737 5.700 5.946 11.665 11.980 11.370 10.873 5.561 6.833 8.661 8.590 10.962 7.413 6.546 5.979 8.718 7.895 4.763 5.525 4.790 7.329 6.985 5.898 5.405 4.637 6.399 6.002 5.588 5.308 5.145 5.587 7.672 6.481 5.332 4.902 5.571 5.238 5.958 -9999.000 -9999.000 -9999.000 -9999.000 -9999.000 -9999.000 -9999.000 -9999.000 -9999.000 -9999.000 -9999.000 -9999.000 -9999.000 -9999.000 -9999.000 -9999.000 -9999.000 -9999.000 -9999.000 -9999.000 -9999.000 -9999.000
7.412 7.081 7.119 4.717 6.350 5.903 5.199 4.917 5.486 5.824 4.505 7.457 5.338 9.628 12.099 6.852 5.305 6.210 5.443 11.495 11.585 11.246 10.750 5.364 5.798 7.006 5.222 5.239 7.480 6.679 6.280 5.509 4.869 4.870 6.526 6.035 5.769 5.368 4.730 5.403 5.362 5.716 8.059 4.753 5.801 4.587 6.060 6.146 5.478 5.264 5.799 -9999.000 -9999.000 -9999.000 -9999.000 -9999.000 -9999.000 -9999.000 -9999.000 -9999.000 -9999.000 -9999.000 -9999.000 -9999.000 -9999.000 -9999.000 -9999.000 -9999.000 -9999.000 -9999.000 -9999.000 -9999.000
4.517 7.250 6.362 6.349 6.375 4.798 5.326 4.737 4.542 4.472 6.372 7.183 7.561 12.023 6.294 5.111 6.440 6.379 6.058 5.845 6.120 6.879 5.575 7.562 7.313 4.962 6.492 6.065 5.092 7.886 5.095 5.002 5.886 4.732 5.466 4.752 4.631 5.269 4.940 5.106 5.692 6.115 8.222 6.927 5.988 6.096 6.578 6.906 6.733 6.256 5.650 -9999.000 -9999.000 -9999.000 -9999.000 -9999.000 -9999.000 -9999.000 -9999.000 -9999.000 -9999.000 -9999.000 -9999.000 -9999.000 -9999.000 -9999.000 -9999.000 -9999.000 -9999.000 -9999.000 -9999.000 -9999.000
7.160 6.614 4.526 6.587 5.249 4.722 5.141 5.404 5.182 5.098 4.854 5.297 7.229 12.659 6.101 5.151 6.999 5.845 5.262 5.927 6.583 6.073 11.537 11.147 11.114 6.336 6.035 4.970 5.342 5.772 7.708 7.357 6.584 6.052 4.661 5.516 5.893 4.575 4.888 5.468 5.925 8.419 8.942 8.073 7.857 8.186 7.992 7.497 7.005 6.826 5.180 -9999.000 -9999.000 -9999.000 -9999.000 -9999.000 -9999.000 -9999.000 -9999.000 -9999.000 -9999.000 -9999.000 -9999.000 -9999.000 -9999.000 -9999.000 -9999.000 -9999.000 -9999.000 -9999.000 -9999.000 -9999.000
6.804 6.574 6.491 5.727 5.217 4.785 4.950 5.385 5.505 6.559 5.792 5.205 5.786 13.113 5.429 7.187 6.425 6.241 5.960 5.366 5.531 11.851 6.454 5.910 4.746 10.841 11.086 5.135 6.326 5.783 6.229 5.260 5.161 6.123 5.769 6.310 4.448 4.590 5.429 5.815 8.394 9.198 8.044 7.726 7.672 7.139 6.998 4.615 5.172 4.849 7.231 5.521 -9999.000 -9999.000 -9999.000 -9999.000 -9999.000 -9999.000 -9999.000 -9999.000 -9999.000 -9999.000 -9999.000 -9999.000 -9999.000 -9999.000 -9999.000 -9999.000 -9999.000 -9999.000 -9999.000 -9999.000
6.657 4.496 6.053 5.500 4.402 4.650 4.711 5.198 5.418 6.948 5.494 6.393 5.262 12.920 7.502 7.052 4.916 5.072 5.293 6.022 11.575 6.830 5.708 4.501 5.773 5.375 5.796 11.495 5.376 6.697 6.575 6.119 6.790 4.849 6.506 5.234 5.597 4.782 6.005 10.127 9.474 7.902 7.769 7.702 4.604 6.360 4.549 7.028 6.928 5.021 6.463 4.733 -9999.000 -9999.000 -9999.000 -9999.000 -9999.000 -9999.000 -9999.000 -9999.000 -9999.000 -9999.000 -9999.000 -9999.000 -9999.000 -9999.000 -9999.000 -9999.000 -9999.000 -9999.000 -9999.000 -9999.000
6.365 6.159 6.109 5.559 4.372 5.615 4.632 4.411 6.409 7.562 5.701 5.268 6.735 12.600 7.387 5.203 6.010 4.991 6.609 11.127 5.701 4.350 5.386 5.710 5.493 4.904 5.026 7.266 12.084 7.248 5.513 11.444 11.207 11.070 10.768 10.229 4.573 6.314 10.433 8.269 7.905 6.158 5.851 4.503 7.654 4.521 6.278 5.973 4.715 7.040 6.688 5.966 5.886 -9999.000 -9999.000 -9999.000 -9999.000 -9999.000 -9999.000 -9999.000 -9999.000 -9999.000 -9999.000 -9999.000 -9999.000 -9999.000 -9999.000 -9999.000 -9999.000 -9999.000 -9999.000 -9999.000
4.581 6.385 6.108 4.657 5.941 4.530 4.631 5.288 4.935 8.519 5.480 5.882 12.105 5.760 7.538 6.697 4.902 5.090 11.324 6.997 4.366 4.987 4.350 5.441 5.741 5.717 5.635 6.864 6.371 11.743 11.373 6.797 6.263 5.744 8.766 5.248 10.402 10.098 6.481 5.862 4.438 7.868 4.543 5.196 4.520 7.746 7.623 4.679 5.431 4.708 4.733 6.353 4.687 5.416 5.493 -9999.000 -9999.000 -9999.000 -9999.000 -9999.000 -9999.000 -9999.000 -9999.000 -9999.000 -9999.000 -9999.000 -9999.000 -9999.000 -9999.000 -9999.000 -9999.000 -9999.000
6.546 6.889 5.657 6.406 5.270 4.490 5.332 4.794 6.456 5.341 8.520 5.630 6.366 12.462 5.497 7.151 5.572 11.048 7.209 4.253 6.332 6.069 5.170 5.121 5.613 6.177 6.549 5.535 5.635 8.610 6.626 7.101 5.976 5.478 5.070 8.841 6.616 9.066 8.811 4.491 5.176 4.517 7.968 7.754 5.737 5.403 4.643 7.736 7.531 5.837 5.374 4.602 6.119 5.659 5.019 -9999.000 -9999.000 -9999.000 -9999.000 -9999.000 -9999.000 -9999.000 -9999.000 -9999.000 -9999.000 -9999.000 -9999.000 -9999.000 -9999.000 -9999.000 -9999.000 -9999.000
6.815 4.800 5.258 6.737 5.733 5.930 4.635 5.530 6.765 6.074 8.691 5.918 5.416 12.051 7.503 5.270 11.198 7.676 5.854 5.454 5.089 4.320 5.804 5.882 5.939 6.066 5.882 5.591 7.268 7.544 6.154 6.023 6.213 5.601 5.313 7.012 8.111 6.386 5.598 8.829 8.761 5.753 5.278 4.499 7.853 7.717 5.900 5.467 4.650 7.319 7.086 5.857 5.369 4.589 5.149 -9999.000 -9999.000 -9999.000 -9999.000 -9999.000 -9999.000 -9999.000 -9999.000 -9999.000 -9999.000 -9999.000 -9999.000 -9999.000 -9999.000 -9999.000 -9999.000 -9999.000
6.098 5.525 5.169 6.785 6.063 6.198 5.324 6.792 4.940 8.415 5.331 5.383 5.829 12.069 11.731 11.355 6.083 5.088 4.276 4.577 5.015 4.359 5.524 5.190 6.336 5.674 5.861 5.874 6.408 6.474 6.366 5.648 5.668 6.343 5.314 5.777 6.433 7.865 4.627 5.253 4.558 8.900 8.624 5.708 5.471 4.740 7.733 7.418 5.835 5.361 4.611 6.992 6.540 5.763 5.607 5.263 -9999.000 -9999.000 -9999.000 -9999.000 -9999.000 -9999.000 -9999.000 -9999.000 -9999.000 -9999.000 -9999.000 -9999.000 -9999.000 -9999.000 -9999.000 -9999.000
4.568 4.922 5.092 5.603 7.709 4.664 5.825 7.110 5.729 8.411 5.272 5.944 5.117 12.822 9.215 8.756 8.440 8.073 6.521 6.559 5.848 5.523 4.657 6.037 6.813 6.482 5.391 5.619 5.948 6.035 5.642 5.147 5.338 5.434 5.891 5.223 5.114 5.888 7.757 7.559 7.610 6.371 6.064 8.811 8.750 8.964 5.547 4.628 7.337 6.966 6.713 6.854 4.672 5.771 5.600 5.300 -9999.000 -9999.000 -9999.000 -9999.000 -9999.000 -9999.000 -9999.000 -9999.000 -9999.000 -9999.000 -9999.000 -9999.000 -9999.000 -9999.000 -9999.000 -9999.000
5.637 4.793 5.507 6.020 7.948 5.597 7.385 4.982 8.639 5.935 5.403 5.278 6.704 13.050 8.316 7.286 6.925 4.480 8.023 8.026 4.796 6.425 6.115 6.733 4.908 6.871 6.490 5.279 5.234 5.157 5.424 6.454 5.988 5.226 5.170 5.107 8.123 4.895 5.322 4.534 4.656 6.904 4.581 6.113 5.742 4.943 8.707 7.563 7.625 7.480 5.420 4.862 6.353 5.950 4.899 -9999.000 -9999.000 -9999.000 -9999.000 -9999.000 -9999.000 -9999.000 -9999.000 -9999.000 -9999.000 -9999.000 -9999.000 -9999.000 -9999.000 -9999.000 -9999.000 -9999.000
